---------------------------weights-------------------------------
[tensor([[[-0.1487, -0.1880, -0.0573],
         [ 0.0243,  0.0373,  0.1407],
         [-0.0571, -0.1123, -0.0090],
         [-0.1759, -0.0285, -0.0113]],

        [[ 0.1251,  0.0071,  0.2142],
         [ 0.0567, -0.1359, -0.0907],
         [ 0.0767,  0.0898,  0.0843],
         [-0.0560,  0.0305,  0.2855]],

        [[ 0.1663, -0.0151,  0.0728],
         [-0.0062,  0.2192,  0.2178],
         [ 0.1706, -0.2055,  0.0285],
         [ 0.0913, -0.0679,  0.1137]],

        [[ 0.1082, -0.0082,  0.1237],
         [ 0.0815, -0.0461,  0.1205],
         [-0.0540, -0.0608,  0.0478],
         [ 0.3118, -0.1142, -0.0923]],

        [[ 0.0215,  0.0605,  0.1612],
         [ 0.0528,  0.0659,  0.0339],
         [ 0.0854, -0.1157,  0.1793],
         [ 0.2787,  0.1956,  0.2303]],

        [[-0.1110, -0.0349, -0.1077],
         [ 0.0522,  0.0478, -0.0745],
         [-0.1331,  0.0604, -0.0727],
         [ 0.0510,  0.0117,  0.0626]]], grad_fn=<DivBackward0>), tensor([[[-0.0428, -0.1356,  0.0818],
         [ 0.0459,  0.2509,  0.0974],
         [-0.0521, -0.1082, -0.2021],
         [ 0.0297,  0.2123,  0.2230]],

        [[-0.0929, -0.0626, -0.0340],
         [ 0.0260, -0.0822,  0.0995],
         [ 0.0782,  0.0456, -0.0290],
         [-0.2140, -0.1023, -0.2305]],

        [[-0.0746, -0.0887, -0.1313],
         [ 0.0523, -0.0317,  0.0247],
         [-0.1000, -0.2118, -0.1370],
         [-0.0027,  0.0533, -0.2336]],

        [[ 0.1027, -0.0138,  0.1525],
         [ 0.0310,  0.2610,  0.1596],
         [ 0.1393, -0.0939,  0.1092],
         [ 0.0503, -0.1142,  0.0642]],

        [[ 0.1964,  0.0876,  0.0201],
         [-0.2642, -0.1151,  0.0462],
         [ 0.3385,  0.2226,  0.1617],
         [-0.1387, -0.1143, -0.0676]],

        [[ 0.0976, -0.0382,  0.0739],
         [ 0.0897,  0.0538,  0.0196],
         [-0.0516,  0.0054, -0.0307],
         [-0.0072, -0.0420, -0.1379]]], grad_fn=<DivBackward0>)]
---------------------------bias-------------------------------
[tensor([0.1161], grad_fn=<DivBackward0>), tensor([0.0838], grad_fn=<DivBackward0>)]
---------------------------weights-------------------------------
[tensor([[[-0.0757, -0.1724, -0.0144],
         [ 0.0482,  0.0405,  0.1673],
         [-0.0512, -0.0806, -0.0063],
         [-0.1976, -0.0444, -0.0357]],

        [[ 0.1238, -0.0609,  0.2123],
         [ 0.1030, -0.1319, -0.0510],
         [ 0.0944,  0.1097,  0.1124],
         [-0.0222,  0.0731,  0.3122]],

        [[ 0.2104, -0.0014,  0.1174],
         [-0.0410,  0.2241,  0.2161],
         [ 0.2002, -0.1939,  0.0549],
         [ 0.1257, -0.0842,  0.1515]],

        [[ 0.1429, -0.0021,  0.1567],
         [ 0.1033, -0.0351,  0.1417],
         [-0.0407, -0.0139,  0.0640],
         [ 0.3441, -0.0911, -0.0752]],

        [[ 0.1008,  0.1497,  0.1717],
         [ 0.0832,  0.1010,  0.0741],
         [ 0.1178, -0.1883,  0.2092],
         [ 0.2933,  0.2152,  0.2007]],

        [[-0.1111, -0.0350, -0.1078],
         [ 0.0975,  0.0825, -0.0745],
         [-0.0770,  0.0762, -0.0745],
         [ 0.0271,  0.0382,  0.0635]]], grad_fn=<DivBackward0>), tensor([[[-0.0090, -0.1521,  0.1562],
         [ 0.0469,  0.2464,  0.0887],
         [-0.0772, -0.1273, -0.2341],
         [ 0.0326,  0.2309,  0.2340]],

        [[-0.1371, -0.0751, -0.0792],
         [ 0.0259, -0.0631,  0.1036],
         [ 0.1125,  0.0414,  0.0042],
         [-0.2503, -0.1096, -0.2810]],

        [[-0.1374, -0.0890, -0.1849],
         [ 0.0874, -0.0440,  0.0660],
         [-0.1843, -0.1940, -0.2355],
         [-0.0086,  0.0522, -0.2385]],

        [[ 0.1458,  0.0270,  0.1986],
         [ 0.0527,  0.2983,  0.1909],
         [ 0.1695, -0.1070,  0.1434],
         [ 0.0688, -0.1101,  0.1036]],

        [[ 0.3220,  0.1911, -0.0164],
         [-0.3098, -0.1935, -0.0342],
         [ 0.3887,  0.2067,  0.2091],
         [-0.1503, -0.1649, -0.1151]],

        [[ 0.0961, -0.0278,  0.0724],
         [ 0.0847,  0.0875,  0.0178],
         [-0.0104,  0.0220, -0.0318],
         [-0.0411, -0.0889, -0.1381]]], grad_fn=<DivBackward0>)]
---------------------------bias-------------------------------
[tensor([0.1196], grad_fn=<DivBackward0>), tensor([0.0803], grad_fn=<DivBackward0>)]
---------------------------weights-------------------------------
[tensor([[[-3.5950e-02, -1.6612e-01,  9.2750e-03],
         [ 7.7925e-02,  6.6825e-02,  1.9887e-01],
         [-5.2400e-02, -6.9150e-02, -5.1500e-03],
         [-1.9903e-01, -3.5125e-02, -3.9025e-02]],

        [[ 1.2868e-01, -9.5800e-02,  2.1880e-01],
         [ 1.3960e-01, -1.4153e-01, -1.8075e-02],
         [ 1.0932e-01,  1.2490e-01,  1.3175e-01],
         [-9.8250e-03,  1.1685e-01,  3.1297e-01]],

        [[ 2.4923e-01, -2.6750e-03,  1.5740e-01],
         [-7.7275e-02,  2.3763e-01,  1.9245e-01],
         [ 2.2983e-01, -2.0523e-01,  9.0200e-02],
         [ 1.3328e-01, -1.0293e-01,  1.6133e-01]],

        [[ 1.7503e-01,  1.3825e-02,  1.8862e-01],
         [ 1.3120e-01, -3.8275e-02,  1.6995e-01],
         [-4.8225e-02, -1.0000e-04,  5.7100e-02],
         [ 3.7880e-01, -8.2350e-02, -4.3725e-02]],

        [[ 1.3858e-01,  1.9533e-01,  1.7068e-01],
         [ 9.4550e-02,  1.1615e-01,  1.2195e-01],
         [ 1.5670e-01, -2.0403e-01,  2.4145e-01],
         [ 3.0127e-01,  2.4893e-01,  1.6405e-01]],

        [[-1.1200e-01, -2.2950e-02, -1.0870e-01],
         [ 1.4830e-01,  1.1910e-01, -7.4650e-02],
         [-3.6450e-02,  9.7600e-02, -7.5250e-02],
         [ 3.3375e-02,  5.7175e-02,  6.3725e-02]]], grad_fn=<DivBackward0>), tensor([[[-0.0149, -0.1558,  0.1657],
         [ 0.0192,  0.2239,  0.0661],
         [-0.0891, -0.1394, -0.2494],
         [ 0.0315,  0.2384,  0.2395]],

        [[-0.1407, -0.0800, -0.0807],
         [ 0.0089, -0.0520,  0.0871],
         [ 0.1316,  0.0320,  0.0235],
         [-0.2546, -0.0967, -0.2876]],

        [[-0.1250, -0.0744, -0.1698],
         [ 0.1054, -0.0347,  0.0771],
         [-0.1832, -0.1758, -0.2389],
         [-0.0172,  0.0515, -0.2446]],

        [[ 0.1348,  0.0542,  0.1879],
         [ 0.0651,  0.2850,  0.2110],
         [ 0.1787, -0.1028,  0.1560],
         [ 0.0752, -0.0953,  0.0921]],

        [[ 0.3335,  0.2210, -0.0395],
         [-0.3179, -0.2220, -0.0706],
         [ 0.4271,  0.1842,  0.2557],
         [-0.1657, -0.1625, -0.1582]],

        [[ 0.0971, -0.0381,  0.0733],
         [ 0.0599,  0.0957,  0.0179],
         [ 0.0249,  0.0439, -0.0318],
         [-0.0329, -0.1089, -0.1380]]], grad_fn=<DivBackward0>)]
---------------------------bias-------------------------------
[tensor([0.1178], grad_fn=<DivBackward0>), tensor([0.0821], grad_fn=<DivBackward0>)]
---------------------------weights-------------------------------
[tensor([[[ 0.0039, -0.1540,  0.0342],
         [ 0.0826,  0.0865,  0.2044],
         [-0.0422, -0.0608,  0.0049],
         [-0.2025, -0.0408, -0.0486]],

        [[ 0.1296, -0.1265,  0.2217],
         [ 0.1456, -0.1284, -0.0138],
         [ 0.1206,  0.1304,  0.1455],
         [-0.0039,  0.1574,  0.3106]],

        [[ 0.3031,  0.0014,  0.2115],
         [-0.0887,  0.2487,  0.1915],
         [ 0.2750, -0.2055,  0.1241],
         [ 0.1440, -0.1122,  0.1739]],

        [[ 0.1732,  0.0366,  0.1870],
         [ 0.1409, -0.0349,  0.1848],
         [-0.0397,  0.0178,  0.0658],
         [ 0.4111, -0.0773, -0.0134]],

        [[ 0.1502,  0.2336,  0.1730],
         [ 0.1132,  0.1215,  0.1596],
         [ 0.1864, -0.2005,  0.2644],
         [ 0.3094,  0.2739,  0.1372]],

        [[-0.1107, -0.0226, -0.1074],
         [ 0.1855,  0.1482, -0.0730],
         [-0.0077,  0.1220, -0.0748],
         [ 0.0350,  0.0737,  0.0629]]], grad_fn=<DivBackward0>), tensor([[[-0.0089, -0.1577,  0.1657],
         [-0.0174,  0.2172,  0.0329],
         [-0.0881, -0.1424, -0.2576],
         [ 0.0337,  0.2394,  0.2496]],

        [[-0.1491, -0.0730, -0.0858],
         [-0.0262, -0.0380,  0.0519],
         [ 0.1421,  0.0310,  0.0329],
         [-0.2654, -0.0990, -0.3012]],

        [[-0.1002, -0.0585, -0.1303],
         [ 0.1348, -0.0351,  0.1023],
         [-0.1674, -0.1690, -0.2372],
         [-0.0204,  0.0407, -0.2483]],

        [[ 0.1223,  0.0731,  0.1738],
         [ 0.0720,  0.2725,  0.2217],
         [ 0.1839, -0.1017,  0.1650],
         [ 0.0781, -0.0848,  0.0952]],

        [[ 0.3437,  0.2481, -0.0542],
         [-0.3203, -0.2277, -0.0963],
         [ 0.4489,  0.1615,  0.2791],
         [-0.1872, -0.1719, -0.1831]],

        [[ 0.0967, -0.0365,  0.0729],
         [ 0.0453,  0.1102,  0.0177],
         [ 0.0331,  0.0584, -0.0320],
         [-0.0303, -0.1214, -0.1380]]], grad_fn=<DivBackward0>)]
---------------------------bias-------------------------------
[tensor([0.1256], grad_fn=<DivBackward0>), tensor([0.0743], grad_fn=<DivBackward0>)]
