--------------------------all_weights-----------------------------
[tensor([[[ 0.0232, -0.0329,  0.0885],
         [-0.0387,  0.1211,  0.1031],
         [ 0.0347, -0.2250,  0.0523],
         [-0.2746, -0.0950, -0.1271],
         [-0.0386,  0.1080,  0.0843]],

        [[ 0.0317, -0.7470, -0.0806],
         [ 0.1463, -0.1368,  0.1621],
         [-0.2251,  0.0750,  0.3656],
         [ 0.1193,  0.1146,  0.0134],
         [-0.2277,  0.0731,  0.0374]],

        [[ 0.0451, -0.1028, -0.0865],
         [ 0.0466,  0.0290,  0.0530],
         [ 0.0483,  0.0050,  0.0546],
         [ 0.0619, -0.0751,  0.1033],
         [ 0.0327, -0.0687,  0.0881]],

        [[ 0.4089, -0.2524, -0.0394],
         [-0.1080,  0.1129,  0.1244],
         [ 0.0939,  0.5508,  0.0061],
         [-0.0562,  0.0573, -0.1116],
         [ 0.0149,  0.2796,  0.4167]],

        [[-0.1115, -0.0627,  0.1637],
         [-0.2305,  0.1383,  0.0605],
         [ 0.0632,  0.0784, -0.1343],
         [ 0.3408, -0.2421,  0.0972],
         [-0.2152, -0.1158,  0.0055]],

        [[ 0.0425,  0.1853,  0.0804],
         [ 0.0915, -0.2349,  0.1657],
         [-0.0222,  0.0283,  0.1608],
         [-0.0441, -0.0401,  0.0094],
         [-0.1850,  0.1741,  0.0072]]], requires_grad=True), tensor([[[ 0.2113,  0.0878,  0.0752],
         [ 0.0227, -0.0428,  0.0258],
         [ 0.1310, -0.1262,  0.0829],
         [ 0.0053,  0.0647, -0.0407],
         [ 0.0919, -0.1969,  0.0545]],

        [[ 0.1134,  0.1808,  0.0568],
         [ 0.1075, -0.1045,  0.0900],
         [-0.1129, -0.1391, -0.2249],
         [ 0.0471, -0.0222, -0.1294],
         [ 0.1296,  0.0741,  0.1489]],

        [[ 0.2640,  0.2260,  0.3160],
         [-0.0937, -0.0395,  0.2436],
         [ 0.4702,  0.0343,  0.1098],
         [ 0.1397, -0.0100,  0.1102],
         [ 0.3487,  0.0355,  0.1077]],

        [[-0.2298,  0.1602, -0.3750],
         [ 0.2269,  0.0093, -0.1024],
         [ 0.1427, -0.4452,  0.1418],
         [-0.0489, -0.2304, -0.0639],
         [ 0.1091, -0.1919,  0.1562]],

        [[-0.1835,  0.0814, -0.1734],
         [ 0.2796,  0.3424,  0.1886],
         [-0.1790, -0.0236,  0.1075],
         [ 0.1166, -0.2246,  0.1885],
         [-0.1914,  0.0074, -0.0912]],

        [[ 0.0867, -0.0099,  0.1014],
         [ 0.0488,  0.4350, -0.0506],
         [ 0.1675, -0.0334, -0.1193],
         [-0.0639, -0.1758, -0.1113],
         [-0.2655,  0.0125,  0.0320]]], requires_grad=True), tensor([[[ 0.2480,  0.2393,  0.2541],
         [-0.5811,  0.0575, -0.4574],
         [-0.3373, -0.2195, -0.4376],
         [-0.0684, -0.0145, -0.0784],
         [-0.0578, -0.4348,  0.1302]],

        [[-0.2125,  0.0564, -0.1485],
         [-0.0451,  0.6291, -0.0018],
         [ 0.6318, -0.0755,  0.3062],
         [ 0.0728,  0.0673,  0.2687],
         [-0.3634, -0.0298, -0.3103]],

        [[ 0.1651,  0.5417,  0.2809],
         [-0.3035, -0.0638, -0.3251],
         [ 0.1264, -0.1672,  0.0213],
         [ 0.1438,  0.2617,  0.0694],
         [ 0.0320,  0.1744, -0.0798]],

        [[ 0.2658, -0.1506,  0.3067],
         [ 0.2975,  0.1478,  0.2262],
         [-0.2342, -0.1724, -0.3099],
         [-0.5130,  0.5616,  0.0316],
         [-0.3558, -0.5048, -0.0549]],

        [[ 0.2046, -0.3914,  0.2277],
         [ 0.0946,  0.1308,  0.1141],
         [-0.5209,  0.2045, -0.4001],
         [-0.2612, -0.1474, -0.3158],
         [-0.0534,  0.1986, -0.0141]],

        [[-0.1201, -0.0645, -0.0183],
         [-0.2430, -0.5538,  0.0112],
         [-0.4808,  0.4294,  0.0650],
         [-0.2590, -0.2558, -0.1197],
         [ 0.0196,  0.1080, -0.0044]]], requires_grad=True)]
---------------------------all_bias-------------------------------
[tensor([0.1523], requires_grad=True), tensor([0.1137], requires_grad=True), tensor([0.0195], requires_grad=True)]
---------------------------all_param-------------------------------
([tensor([[[ 0.0232, -0.0329,  0.0885],
         [-0.0387,  0.1211,  0.1031],
         [ 0.0347, -0.2250,  0.0523],
         [-0.2746, -0.0950, -0.1271],
         [-0.0386,  0.1080,  0.0843]],

        [[ 0.0317, -0.7470, -0.0806],
         [ 0.1463, -0.1368,  0.1621],
         [-0.2251,  0.0750,  0.3656],
         [ 0.1193,  0.1146,  0.0134],
         [-0.2277,  0.0731,  0.0374]],

        [[ 0.0451, -0.1028, -0.0865],
         [ 0.0466,  0.0290,  0.0530],
         [ 0.0483,  0.0050,  0.0546],
         [ 0.0619, -0.0751,  0.1033],
         [ 0.0327, -0.0687,  0.0881]],

        [[ 0.4089, -0.2524, -0.0394],
         [-0.1080,  0.1129,  0.1244],
         [ 0.0939,  0.5508,  0.0061],
         [-0.0562,  0.0573, -0.1116],
         [ 0.0149,  0.2796,  0.4167]],

        [[-0.1115, -0.0627,  0.1637],
         [-0.2305,  0.1383,  0.0605],
         [ 0.0632,  0.0784, -0.1343],
         [ 0.3408, -0.2421,  0.0972],
         [-0.2152, -0.1158,  0.0055]],

        [[ 0.0425,  0.1853,  0.0804],
         [ 0.0915, -0.2349,  0.1657],
         [-0.0222,  0.0283,  0.1608],
         [-0.0441, -0.0401,  0.0094],
         [-0.1850,  0.1741,  0.0072]]], requires_grad=True), tensor([[[ 0.2113,  0.0878,  0.0752],
         [ 0.0227, -0.0428,  0.0258],
         [ 0.1310, -0.1262,  0.0829],
         [ 0.0053,  0.0647, -0.0407],
         [ 0.0919, -0.1969,  0.0545]],

        [[ 0.1134,  0.1808,  0.0568],
         [ 0.1075, -0.1045,  0.0900],
         [-0.1129, -0.1391, -0.2249],
         [ 0.0471, -0.0222, -0.1294],
         [ 0.1296,  0.0741,  0.1489]],

        [[ 0.2640,  0.2260,  0.3160],
         [-0.0937, -0.0395,  0.2436],
         [ 0.4702,  0.0343,  0.1098],
         [ 0.1397, -0.0100,  0.1102],
         [ 0.3487,  0.0355,  0.1077]],

        [[-0.2298,  0.1602, -0.3750],
         [ 0.2269,  0.0093, -0.1024],
         [ 0.1427, -0.4452,  0.1418],
         [-0.0489, -0.2304, -0.0639],
         [ 0.1091, -0.1919,  0.1562]],

        [[-0.1835,  0.0814, -0.1734],
         [ 0.2796,  0.3424,  0.1886],
         [-0.1790, -0.0236,  0.1075],
         [ 0.1166, -0.2246,  0.1885],
         [-0.1914,  0.0074, -0.0912]],

        [[ 0.0867, -0.0099,  0.1014],
         [ 0.0488,  0.4350, -0.0506],
         [ 0.1675, -0.0334, -0.1193],
         [-0.0639, -0.1758, -0.1113],
         [-0.2655,  0.0125,  0.0320]]], requires_grad=True), tensor([[[ 0.2480,  0.2393,  0.2541],
         [-0.5811,  0.0575, -0.4574],
         [-0.3373, -0.2195, -0.4376],
         [-0.0684, -0.0145, -0.0784],
         [-0.0578, -0.4348,  0.1302]],

        [[-0.2125,  0.0564, -0.1485],
         [-0.0451,  0.6291, -0.0018],
         [ 0.6318, -0.0755,  0.3062],
         [ 0.0728,  0.0673,  0.2687],
         [-0.3634, -0.0298, -0.3103]],

        [[ 0.1651,  0.5417,  0.2809],
         [-0.3035, -0.0638, -0.3251],
         [ 0.1264, -0.1672,  0.0213],
         [ 0.1438,  0.2617,  0.0694],
         [ 0.0320,  0.1744, -0.0798]],

        [[ 0.2658, -0.1506,  0.3067],
         [ 0.2975,  0.1478,  0.2262],
         [-0.2342, -0.1724, -0.3099],
         [-0.5130,  0.5616,  0.0316],
         [-0.3558, -0.5048, -0.0549]],

        [[ 0.2046, -0.3914,  0.2277],
         [ 0.0946,  0.1308,  0.1141],
         [-0.5209,  0.2045, -0.4001],
         [-0.2612, -0.1474, -0.3158],
         [-0.0534,  0.1986, -0.0141]],

        [[-0.1201, -0.0645, -0.0183],
         [-0.2430, -0.5538,  0.0112],
         [-0.4808,  0.4294,  0.0650],
         [-0.2590, -0.2558, -0.1197],
         [ 0.0196,  0.1080, -0.0044]]], requires_grad=True)], [tensor([0.1523], requires_grad=True), tensor([0.1137], requires_grad=True), tensor([0.0195], requires_grad=True)])
