--------------------------all_weights-----------------------------
[tensor([[[-0.0619, -0.0295,  0.0220],
         [-0.0286,  0.0782,  0.0850],
         [-0.0128, -0.2487,  0.0445],
         [-0.2216, -0.0627, -0.0728],
         [-0.0317,  0.0934,  0.0902]],

        [[ 0.0302, -0.5883, -0.1317],
         [ 0.0848, -0.0827,  0.0851],
         [-0.2378,  0.0347,  0.2750],
         [ 0.0992,  0.0560, -0.0125],
         [-0.1167,  0.1025,  0.1296]],

        [[ 0.0937, -0.1215, -0.0510],
         [ 0.0201,  0.0744,  0.0402],
         [ 0.0748,  0.0034,  0.0894],
         [ 0.0740, -0.1387,  0.1250],
         [-0.0107, -0.0440,  0.0586]],

        [[ 0.2978, -0.1600, -0.1874],
         [-0.0386,  0.0930,  0.1558],
         [ 0.0371,  0.3803, -0.0117],
         [ 0.0116,  0.0351, -0.0231],
         [ 0.0477,  0.3040,  0.4014]],

        [[-0.0998,  0.0181,  0.1825],
         [-0.1784, -0.1196,  0.0804],
         [ 0.1104,  0.1123, -0.1382],
         [ 0.2882, -0.1379,  0.0666],
         [-0.1526, -0.1385,  0.0836]],

        [[ 0.0391,  0.1946,  0.0788],
         [ 0.1530, -0.2528,  0.1634],
         [-0.0807,  0.0461,  0.1622],
         [-0.0475, -0.0691,  0.0093],
         [-0.2354,  0.1446,  0.0070]]], requires_grad=True), tensor([[[ 0.0634,  0.1041, -0.0240],
         [-0.1159,  0.0494, -0.1025],
         [ 0.0291, -0.3805, -0.0588],
         [-0.0171,  0.0430, -0.0520],
         [-0.0676, -0.2200, -0.1129]],

        [[ 0.0328,  0.0328, -0.0428],
         [ 0.0412, -0.1043,  0.0616],
         [-0.1037, -0.1311, -0.1864],
         [ 0.0495, -0.0405, -0.0944],
         [ 0.0066,  0.0237,  0.0167]],

        [[ 0.0843,  0.1610,  0.1464],
         [-0.2049,  0.0029,  0.1307],
         [ 0.4973,  0.0995,  0.1392],
         [ 0.1376,  0.0164,  0.0781],
         [ 0.3277,  0.1256,  0.1235]],

        [[-0.0488,  0.1921, -0.0860],
         [ 0.0678,  0.1562, -0.2257],
         [ 0.0289, -0.2683,  0.0303],
         [-0.0682, -0.1719, -0.0173],
         [ 0.0502,  0.2016,  0.1111]],

        [[ 0.0209, -0.0471, -0.0327],
         [ 0.1752,  0.3034,  0.2150],
         [-0.1871,  0.1047,  0.0629],
         [ 0.0013, -0.2063,  0.0722],
         [-0.1089,  0.0110, -0.0509]],

        [[ 0.0881, -0.0325,  0.1026],
         [ 0.0476,  0.2094, -0.0511],
         [ 0.0167, -0.0463, -0.1196],
         [ 0.0749, -0.1017, -0.1107],
         [-0.1467, -0.0026,  0.0356]]], requires_grad=True), tensor([[[ 1.8366e-01,  1.8632e-01,  2.2291e-01],
         [-4.5773e-01,  3.3696e-03, -3.3030e-01],
         [-1.6753e-01, -4.2317e-02, -2.7610e-01],
         [-1.1639e-01, -1.0071e-02, -1.2034e-01],
         [ 3.3291e-03, -2.4931e-01,  1.3583e-01]],

        [[-1.5581e-01,  7.5145e-02, -9.9412e-02],
         [ 1.1551e-02,  1.9759e-01, -1.5436e-02],
         [ 4.3859e-01, -4.9496e-02,  1.4635e-01],
         [ 8.6310e-02,  3.6423e-02,  2.8730e-01],
         [-3.7894e-01, -6.2045e-02, -3.6029e-01]],

        [[ 1.9805e-01,  3.1293e-01,  2.3239e-01],
         [-1.9775e-01,  7.3217e-02, -2.1624e-01],
         [ 2.1274e-01, -1.5801e-01,  1.0294e-01],
         [ 7.1077e-02,  2.6610e-02,  8.3772e-04],
         [-1.3509e-02,  1.1267e-01, -1.6708e-01]],

        [[ 1.9279e-01, -1.9153e-01,  3.8756e-01],
         [ 2.5411e-01,  2.1427e-01,  1.3809e-01],
         [-1.8049e-01, -4.3150e-02, -2.3740e-01],
         [-2.6086e-01,  2.3058e-01, -6.0450e-02],
         [-2.8516e-01, -3.0187e-01, -2.3741e-02]],

        [[ 1.3867e-01, -2.9084e-01,  1.9686e-01],
         [-1.8341e-02,  1.8658e-02, -1.2873e-02],
         [-3.8833e-01,  1.0023e-01, -4.1164e-01],
         [-1.8703e-01, -1.0694e-01, -2.0922e-01],
         [-2.7045e-01,  1.8806e-01, -8.3688e-02]],

        [[-1.2173e-01, -6.2071e-02, -2.1107e-02],
         [-1.1007e-01, -3.2383e-01,  1.0586e-02],
         [-5.0826e-01,  2.7536e-01,  6.3521e-02],
         [ 9.5324e-02, -4.1942e-04, -1.2065e-01],
         [-4.7162e-02,  1.9062e-01, -5.2671e-03]]], requires_grad=True)]
---------------------------all_bias-------------------------------
[tensor([0.1382], requires_grad=True), tensor([0.1325], requires_grad=True), tensor([0.0352], requires_grad=True)]
---------------------------all_param-------------------------------
([tensor([[[-0.0619, -0.0295,  0.0220],
         [-0.0286,  0.0782,  0.0850],
         [-0.0128, -0.2487,  0.0445],
         [-0.2216, -0.0627, -0.0728],
         [-0.0317,  0.0934,  0.0902]],

        [[ 0.0302, -0.5883, -0.1317],
         [ 0.0848, -0.0827,  0.0851],
         [-0.2378,  0.0347,  0.2750],
         [ 0.0992,  0.0560, -0.0125],
         [-0.1167,  0.1025,  0.1296]],

        [[ 0.0937, -0.1215, -0.0510],
         [ 0.0201,  0.0744,  0.0402],
         [ 0.0748,  0.0034,  0.0894],
         [ 0.0740, -0.1387,  0.1250],
         [-0.0107, -0.0440,  0.0586]],

        [[ 0.2978, -0.1600, -0.1874],
         [-0.0386,  0.0930,  0.1558],
         [ 0.0371,  0.3803, -0.0117],
         [ 0.0116,  0.0351, -0.0231],
         [ 0.0477,  0.3040,  0.4014]],

        [[-0.0998,  0.0181,  0.1825],
         [-0.1784, -0.1196,  0.0804],
         [ 0.1104,  0.1123, -0.1382],
         [ 0.2882, -0.1379,  0.0666],
         [-0.1526, -0.1385,  0.0836]],

        [[ 0.0391,  0.1946,  0.0788],
         [ 0.1530, -0.2528,  0.1634],
         [-0.0807,  0.0461,  0.1622],
         [-0.0475, -0.0691,  0.0093],
         [-0.2354,  0.1446,  0.0070]]], requires_grad=True), tensor([[[ 0.0634,  0.1041, -0.0240],
         [-0.1159,  0.0494, -0.1025],
         [ 0.0291, -0.3805, -0.0588],
         [-0.0171,  0.0430, -0.0520],
         [-0.0676, -0.2200, -0.1129]],

        [[ 0.0328,  0.0328, -0.0428],
         [ 0.0412, -0.1043,  0.0616],
         [-0.1037, -0.1311, -0.1864],
         [ 0.0495, -0.0405, -0.0944],
         [ 0.0066,  0.0237,  0.0167]],

        [[ 0.0843,  0.1610,  0.1464],
         [-0.2049,  0.0029,  0.1307],
         [ 0.4973,  0.0995,  0.1392],
         [ 0.1376,  0.0164,  0.0781],
         [ 0.3277,  0.1256,  0.1235]],

        [[-0.0488,  0.1921, -0.0860],
         [ 0.0678,  0.1562, -0.2257],
         [ 0.0289, -0.2683,  0.0303],
         [-0.0682, -0.1719, -0.0173],
         [ 0.0502,  0.2016,  0.1111]],

        [[ 0.0209, -0.0471, -0.0327],
         [ 0.1752,  0.3034,  0.2150],
         [-0.1871,  0.1047,  0.0629],
         [ 0.0013, -0.2063,  0.0722],
         [-0.1089,  0.0110, -0.0509]],

        [[ 0.0881, -0.0325,  0.1026],
         [ 0.0476,  0.2094, -0.0511],
         [ 0.0167, -0.0463, -0.1196],
         [ 0.0749, -0.1017, -0.1107],
         [-0.1467, -0.0026,  0.0356]]], requires_grad=True), tensor([[[ 1.8366e-01,  1.8632e-01,  2.2291e-01],
         [-4.5773e-01,  3.3696e-03, -3.3030e-01],
         [-1.6753e-01, -4.2317e-02, -2.7610e-01],
         [-1.1639e-01, -1.0071e-02, -1.2034e-01],
         [ 3.3291e-03, -2.4931e-01,  1.3583e-01]],

        [[-1.5581e-01,  7.5145e-02, -9.9412e-02],
         [ 1.1551e-02,  1.9759e-01, -1.5436e-02],
         [ 4.3859e-01, -4.9496e-02,  1.4635e-01],
         [ 8.6310e-02,  3.6423e-02,  2.8730e-01],
         [-3.7894e-01, -6.2045e-02, -3.6029e-01]],

        [[ 1.9805e-01,  3.1293e-01,  2.3239e-01],
         [-1.9775e-01,  7.3217e-02, -2.1624e-01],
         [ 2.1274e-01, -1.5801e-01,  1.0294e-01],
         [ 7.1077e-02,  2.6610e-02,  8.3772e-04],
         [-1.3509e-02,  1.1267e-01, -1.6708e-01]],

        [[ 1.9279e-01, -1.9153e-01,  3.8756e-01],
         [ 2.5411e-01,  2.1427e-01,  1.3809e-01],
         [-1.8049e-01, -4.3150e-02, -2.3740e-01],
         [-2.6086e-01,  2.3058e-01, -6.0450e-02],
         [-2.8516e-01, -3.0187e-01, -2.3741e-02]],

        [[ 1.3867e-01, -2.9084e-01,  1.9686e-01],
         [-1.8341e-02,  1.8658e-02, -1.2873e-02],
         [-3.8833e-01,  1.0023e-01, -4.1164e-01],
         [-1.8703e-01, -1.0694e-01, -2.0922e-01],
         [-2.7045e-01,  1.8806e-01, -8.3688e-02]],

        [[-1.2173e-01, -6.2071e-02, -2.1107e-02],
         [-1.1007e-01, -3.2383e-01,  1.0586e-02],
         [-5.0826e-01,  2.7536e-01,  6.3521e-02],
         [ 9.5324e-02, -4.1942e-04, -1.2065e-01],
         [-4.7162e-02,  1.9062e-01, -5.2671e-03]]], requires_grad=True)], [tensor([0.1382], requires_grad=True), tensor([0.1325], requires_grad=True), tensor([0.0352], requires_grad=True)])
