--------------------------all_weights-----------------------------
[tensor([[[-0.2656, -0.5298, -0.2819],
         [ 0.1151,  0.1697,  0.2210],
         [-0.1079, -0.1032,  0.0154],
         [-0.0709,  0.1773,  0.0736]],

        [[ 0.0020,  0.2624,  0.0813],
         [ 0.0183, -0.2741, -0.0596],
         [ 0.4691, -0.1820,  0.4356],
         [-0.2486,  0.0412,  0.1370]],

        [[ 0.1690, -0.1011,  0.0839],
         [ 0.2754,  0.3017,  0.5149],
         [ 0.2585,  0.1427,  0.1072],
         [-0.0815, -0.3545, -0.0563]],

        [[ 0.2112, -0.1366,  0.2595],
         [ 0.0996, -0.2332,  0.1199],
         [ 0.2866,  0.1272,  0.3775],
         [ 0.1933,  0.1841, -0.1996]],

        [[-0.0728,  0.2731, -0.3009],
         [-0.0621,  0.2524, -0.0449],
         [ 0.0074,  0.0767,  0.0907],
         [ 0.0239,  0.3445,  0.0271]],

        [[-0.1054, -0.0389, -0.1021],
         [ 0.2141, -0.3041, -0.0813],
         [-0.3965,  0.2002, -0.0801],
         [-0.0462,  0.0322,  0.0671]]], requires_grad=True), tensor([[[-0.1464, -0.1143, -0.1117],
         [ 0.4674,  0.2046,  0.2572],
         [ 0.1157, -0.2125, -0.0295],
         [ 0.0563,  0.2581,  0.1956]],

        [[-0.0589, -0.3763, -0.2114],
         [ 0.1999,  0.0334,  0.2930],
         [ 0.3961,  0.2601, -0.0410],
         [-0.3582,  0.0255, -0.3966]],

        [[ 0.0621, -0.0273, -0.0451],
         [-0.0580,  0.1014,  0.1659],
         [-0.2844, -0.1227, -0.3081],
         [ 0.0358,  0.0463, -0.2145]],

        [[-0.1444, -0.1954, -0.0768],
         [ 0.1077,  0.3127,  0.2851],
         [ 0.1396,  0.1315,  0.0965],
         [ 0.1831,  0.1340,  0.1956]],

        [[ 0.3374,  0.1886,  0.1670],
         [-0.3287, -0.2997,  0.4564],
         [-0.0671, -0.0247, -0.2053],
         [ 0.2166,  0.2125,  0.1746]],

        [[ 0.0951, -0.0560,  0.0706],
         [ 0.3959,  0.1392,  0.0118],
         [ 0.2473, -0.0113, -0.0314],
         [-0.0250,  0.0238, -0.1362]]], requires_grad=True)]
---------------------------all_bias-------------------------------
[tensor([0.1384], requires_grad=True), tensor([0.0616], requires_grad=True)]
---------------------------all_param-------------------------------
([tensor([[[-0.2656, -0.5298, -0.2819],
         [ 0.1151,  0.1697,  0.2210],
         [-0.1079, -0.1032,  0.0154],
         [-0.0709,  0.1773,  0.0736]],

        [[ 0.0020,  0.2624,  0.0813],
         [ 0.0183, -0.2741, -0.0596],
         [ 0.4691, -0.1820,  0.4356],
         [-0.2486,  0.0412,  0.1370]],

        [[ 0.1690, -0.1011,  0.0839],
         [ 0.2754,  0.3017,  0.5149],
         [ 0.2585,  0.1427,  0.1072],
         [-0.0815, -0.3545, -0.0563]],

        [[ 0.2112, -0.1366,  0.2595],
         [ 0.0996, -0.2332,  0.1199],
         [ 0.2866,  0.1272,  0.3775],
         [ 0.1933,  0.1841, -0.1996]],

        [[-0.0728,  0.2731, -0.3009],
         [-0.0621,  0.2524, -0.0449],
         [ 0.0074,  0.0767,  0.0907],
         [ 0.0239,  0.3445,  0.0271]],

        [[-0.1054, -0.0389, -0.1021],
         [ 0.2141, -0.3041, -0.0813],
         [-0.3965,  0.2002, -0.0801],
         [-0.0462,  0.0322,  0.0671]]], requires_grad=True), tensor([[[-0.1464, -0.1143, -0.1117],
         [ 0.4674,  0.2046,  0.2572],
         [ 0.1157, -0.2125, -0.0295],
         [ 0.0563,  0.2581,  0.1956]],

        [[-0.0589, -0.3763, -0.2114],
         [ 0.1999,  0.0334,  0.2930],
         [ 0.3961,  0.2601, -0.0410],
         [-0.3582,  0.0255, -0.3966]],

        [[ 0.0621, -0.0273, -0.0451],
         [-0.0580,  0.1014,  0.1659],
         [-0.2844, -0.1227, -0.3081],
         [ 0.0358,  0.0463, -0.2145]],

        [[-0.1444, -0.1954, -0.0768],
         [ 0.1077,  0.3127,  0.2851],
         [ 0.1396,  0.1315,  0.0965],
         [ 0.1831,  0.1340,  0.1956]],

        [[ 0.3374,  0.1886,  0.1670],
         [-0.3287, -0.2997,  0.4564],
         [-0.0671, -0.0247, -0.2053],
         [ 0.2166,  0.2125,  0.1746]],

        [[ 0.0951, -0.0560,  0.0706],
         [ 0.3959,  0.1392,  0.0118],
         [ 0.2473, -0.0113, -0.0314],
         [-0.0250,  0.0238, -0.1362]]], requires_grad=True)], [tensor([0.1384], requires_grad=True), tensor([0.0616], requires_grad=True)])
