--------------------------all_weights-----------------------------
[tensor([[[-0.1092, -0.2197, -0.0023],
         [ 0.0749,  0.0728,  0.1849],
         [ 0.0243, -0.0903,  0.0527],
         [-0.1364, -0.1344, -0.0109]],

        [[ 0.1268,  0.0135,  0.2065],
         [ 0.1161, -0.1731, -0.0429],
         [ 0.1167,  0.1230,  0.1471],
         [ 0.0021,  0.0537,  0.3383]],

        [[ 0.2165,  0.0176,  0.1241],
         [-0.0873,  0.2616,  0.2236],
         [ 0.1991, -0.0904,  0.0434],
         [ 0.1667, -0.1122,  0.1951]],

        [[ 0.1291, -0.0233,  0.1461],
         [ 0.1498, -0.0570,  0.1844],
         [ 0.0157, -0.0320,  0.1341],
         [ 0.3524, -0.0629, -0.0552]],

        [[ 0.0651,  0.1462,  0.1671],
         [ 0.1231,  0.1121,  0.1180],
         [ 0.2098, -0.2842,  0.2894],
         [ 0.3767,  0.2231,  0.0849]],

        [[-0.1120, -0.0340, -0.1087],
         [ 0.0653,  0.1143, -0.0760],
         [-0.0036,  0.0983, -0.0749],
         [ 0.0497, -0.0238,  0.0636]]], requires_grad=True), tensor([[[ 0.0394, -0.2138,  0.1856],
         [ 0.0195,  0.2093,  0.0339],
         [-0.1339, -0.1208, -0.2835],
         [ 0.0687,  0.2455,  0.2534]],

        [[-0.2702, -0.0804, -0.2064],
         [-0.0571,  0.0808,  0.0112],
         [ 0.1237,  0.0444,  0.0234],
         [-0.3642, -0.0772, -0.3497]],

        [[-0.0274, -0.0851, -0.0686],
         [ 0.1387, -0.0242,  0.1135],
         [-0.0689, -0.1995, -0.1550],
         [-0.0586,  0.0249, -0.2889]],

        [[ 0.2468,  0.0665,  0.2989],
         [ 0.0395,  0.2421,  0.2063],
         [ 0.1430, -0.1632,  0.1445],
         [ 0.1314, -0.1400,  0.1475]],

        [[ 0.3755,  0.1640, -0.0844],
         [-0.3887, -0.1964, -0.0581],
         [ 0.3904,  0.1500,  0.2335],
         [-0.1586, -0.0997, -0.1307]],

        [[ 0.0993, -0.0493,  0.0756],
         [-0.0707,  0.1023,  0.0213],
         [-0.0258, -0.0053, -0.0314],
         [-0.0136, -0.1667, -0.1401]]], requires_grad=True)]
---------------------------all_bias-------------------------------
[tensor([0.1211], requires_grad=True), tensor([0.0789], requires_grad=True)]
---------------------------all_param-------------------------------
([tensor([[[-0.1092, -0.2197, -0.0023],
         [ 0.0749,  0.0728,  0.1849],
         [ 0.0243, -0.0903,  0.0527],
         [-0.1364, -0.1344, -0.0109]],

        [[ 0.1268,  0.0135,  0.2065],
         [ 0.1161, -0.1731, -0.0429],
         [ 0.1167,  0.1230,  0.1471],
         [ 0.0021,  0.0537,  0.3383]],

        [[ 0.2165,  0.0176,  0.1241],
         [-0.0873,  0.2616,  0.2236],
         [ 0.1991, -0.0904,  0.0434],
         [ 0.1667, -0.1122,  0.1951]],

        [[ 0.1291, -0.0233,  0.1461],
         [ 0.1498, -0.0570,  0.1844],
         [ 0.0157, -0.0320,  0.1341],
         [ 0.3524, -0.0629, -0.0552]],

        [[ 0.0651,  0.1462,  0.1671],
         [ 0.1231,  0.1121,  0.1180],
         [ 0.2098, -0.2842,  0.2894],
         [ 0.3767,  0.2231,  0.0849]],

        [[-0.1120, -0.0340, -0.1087],
         [ 0.0653,  0.1143, -0.0760],
         [-0.0036,  0.0983, -0.0749],
         [ 0.0497, -0.0238,  0.0636]]], requires_grad=True), tensor([[[ 0.0394, -0.2138,  0.1856],
         [ 0.0195,  0.2093,  0.0339],
         [-0.1339, -0.1208, -0.2835],
         [ 0.0687,  0.2455,  0.2534]],

        [[-0.2702, -0.0804, -0.2064],
         [-0.0571,  0.0808,  0.0112],
         [ 0.1237,  0.0444,  0.0234],
         [-0.3642, -0.0772, -0.3497]],

        [[-0.0274, -0.0851, -0.0686],
         [ 0.1387, -0.0242,  0.1135],
         [-0.0689, -0.1995, -0.1550],
         [-0.0586,  0.0249, -0.2889]],

        [[ 0.2468,  0.0665,  0.2989],
         [ 0.0395,  0.2421,  0.2063],
         [ 0.1430, -0.1632,  0.1445],
         [ 0.1314, -0.1400,  0.1475]],

        [[ 0.3755,  0.1640, -0.0844],
         [-0.3887, -0.1964, -0.0581],
         [ 0.3904,  0.1500,  0.2335],
         [-0.1586, -0.0997, -0.1307]],

        [[ 0.0993, -0.0493,  0.0756],
         [-0.0707,  0.1023,  0.0213],
         [-0.0258, -0.0053, -0.0314],
         [-0.0136, -0.1667, -0.1401]]], requires_grad=True)], [tensor([0.1211], requires_grad=True), tensor([0.0789], requires_grad=True)])
