--------------------------all_weights-----------------------------
[tensor([[[ 0.5526, -0.3062,  0.2252],
         [-0.2413,  0.5250, -0.0684],
         [ 0.0222, -0.0025,  0.0987],
         [ 0.1550,  0.1776,  0.1513]],

        [[ 0.2622, -0.1356,  0.4103],
         [-0.1623,  0.4263, -0.1723],
         [ 0.1232, -0.4657,  0.1481],
         [-0.0351,  0.1518,  0.1156]],

        [[ 0.3737, -0.3446,  0.0956],
         [ 0.0157,  0.4282,  0.0570],
         [ 0.1828, -0.1368, -0.2767],
         [-0.0665, -0.1652,  0.1203]],

        [[ 0.1569, -0.3354,  0.1079],
         [-0.0576,  0.5054,  0.1081],
         [-0.2443,  0.0789,  0.0540],
         [ 0.3257,  0.2776, -0.0130]],

        [[-0.0235, -0.2690,  0.1500],
         [ 0.0467,  0.2323, -0.0369],
         [ 0.0611, -0.0390,  0.1581],
         [ 0.3538,  0.1282,  0.2616]],

        [[-0.0681, -0.3690, -0.0943],
         [-0.0101,  0.0613, -0.0771],
         [-0.1694, -0.0085, -0.0846],
         [ 0.0167,  0.0538,  0.0613]]], requires_grad=True), tensor([[[-8.3902e-02,  2.2262e-01,  1.4539e-01],
         [ 1.3141e-01,  6.3804e-01, -1.0942e-01],
         [-2.8419e-01, -8.9685e-02, -3.7450e-01],
         [ 8.6925e-02,  3.7969e-01,  6.4598e-02]],

        [[-8.0411e-03,  7.5878e-02,  7.7029e-02],
         [-1.4439e-01, -1.0433e-01, -3.5142e-02],
         [-1.9275e-01, -7.1926e-04, -2.8991e-01],
         [-2.2740e-01, -1.0082e-01, -1.6267e-01]],

        [[ 8.7730e-02,  2.2679e-01,  1.1615e-01],
         [-1.2318e-01,  7.1772e-01, -3.2642e-01],
         [-2.4667e-01, -7.4492e-01,  8.7305e-02],
         [ 7.2189e-02,  2.5320e-01, -3.3390e-01]],

        [[ 1.6833e-01, -3.0248e-01,  7.1199e-02],
         [-3.8094e-01, -2.3034e-01,  2.4670e-01],
         [ 2.0510e-01,  1.2384e-01,  1.7353e-02],
         [-1.9519e-01,  1.4118e-01,  2.9485e-01]],

        [[ 1.2443e-01,  2.4089e-01,  1.2684e-02],
         [-3.7937e-03,  6.1964e-01,  1.4233e-01],
         [ 2.7108e-01,  1.1024e-01,  9.6894e-02],
         [ 1.7131e-01,  2.9241e-01, -6.6663e-03]],

        [[ 3.9549e-02, -5.5035e-01,  7.6944e-02],
         [ 6.2456e-02,  2.9667e-02,  2.2053e-02],
         [-1.1384e-02,  4.6304e-02, -3.1451e-02],
         [-9.4914e-02,  2.8204e-02, -1.2652e-01]]], requires_grad=True)]
---------------------------all_bias-------------------------------
[tensor([0.1458], requires_grad=True), tensor([0.0542], requires_grad=True)]
---------------------------all_param-------------------------------
([tensor([[[ 0.5526, -0.3062,  0.2252],
         [-0.2413,  0.5250, -0.0684],
         [ 0.0222, -0.0025,  0.0987],
         [ 0.1550,  0.1776,  0.1513]],

        [[ 0.2622, -0.1356,  0.4103],
         [-0.1623,  0.4263, -0.1723],
         [ 0.1232, -0.4657,  0.1481],
         [-0.0351,  0.1518,  0.1156]],

        [[ 0.3737, -0.3446,  0.0956],
         [ 0.0157,  0.4282,  0.0570],
         [ 0.1828, -0.1368, -0.2767],
         [-0.0665, -0.1652,  0.1203]],

        [[ 0.1569, -0.3354,  0.1079],
         [-0.0576,  0.5054,  0.1081],
         [-0.2443,  0.0789,  0.0540],
         [ 0.3257,  0.2776, -0.0130]],

        [[-0.0235, -0.2690,  0.1500],
         [ 0.0467,  0.2323, -0.0369],
         [ 0.0611, -0.0390,  0.1581],
         [ 0.3538,  0.1282,  0.2616]],

        [[-0.0681, -0.3690, -0.0943],
         [-0.0101,  0.0613, -0.0771],
         [-0.1694, -0.0085, -0.0846],
         [ 0.0167,  0.0538,  0.0613]]], requires_grad=True), tensor([[[-8.3902e-02,  2.2262e-01,  1.4539e-01],
         [ 1.3141e-01,  6.3804e-01, -1.0942e-01],
         [-2.8419e-01, -8.9685e-02, -3.7450e-01],
         [ 8.6925e-02,  3.7969e-01,  6.4598e-02]],

        [[-8.0411e-03,  7.5878e-02,  7.7029e-02],
         [-1.4439e-01, -1.0433e-01, -3.5142e-02],
         [-1.9275e-01, -7.1926e-04, -2.8991e-01],
         [-2.2740e-01, -1.0082e-01, -1.6267e-01]],

        [[ 8.7730e-02,  2.2679e-01,  1.1615e-01],
         [-1.2318e-01,  7.1772e-01, -3.2642e-01],
         [-2.4667e-01, -7.4492e-01,  8.7305e-02],
         [ 7.2189e-02,  2.5320e-01, -3.3390e-01]],

        [[ 1.6833e-01, -3.0248e-01,  7.1199e-02],
         [-3.8094e-01, -2.3034e-01,  2.4670e-01],
         [ 2.0510e-01,  1.2384e-01,  1.7353e-02],
         [-1.9519e-01,  1.4118e-01,  2.9485e-01]],

        [[ 1.2443e-01,  2.4089e-01,  1.2684e-02],
         [-3.7937e-03,  6.1964e-01,  1.4233e-01],
         [ 2.7108e-01,  1.1024e-01,  9.6894e-02],
         [ 1.7131e-01,  2.9241e-01, -6.6663e-03]],

        [[ 3.9549e-02, -5.5035e-01,  7.6944e-02],
         [ 6.2456e-02,  2.9667e-02,  2.2053e-02],
         [-1.1384e-02,  4.6304e-02, -3.1451e-02],
         [-9.4914e-02,  2.8204e-02, -1.2652e-01]]], requires_grad=True)], [tensor([0.1458], requires_grad=True), tensor([0.0542], requires_grad=True)])
