--------------------------all_weights-----------------------------
[tensor([[[ 0.0067, -0.2567,  0.0632],
         [-0.0765,  0.3063,  0.0218],
         [ 0.0646, -0.0739,  0.1288]],

        [[-0.0232,  0.0599,  0.1217],
         [ 0.1054, -0.0524,  0.1888],
         [-0.1562, -0.1849, -0.2222]],

        [[ 0.1487,  0.1528,  0.1292],
         [-0.2255, -0.0435,  0.1289],
         [ 0.0162,  0.1234, -0.0832]],

        [[-0.0169,  0.1885,  0.1835],
         [ 0.1981, -0.1899,  0.0726],
         [ 0.0160, -0.2037,  0.1468]],

        [[-0.0931, -0.0393, -0.0776],
         [-0.0353, -0.0501, -0.0438],
         [-0.0441, -0.0653,  0.1426]],

        [[ 0.1549,  0.1608, -0.0519],
         [-0.1001,  0.1518,  0.0028],
         [ 0.0555, -0.2487, -0.0226]]], requires_grad=True), tensor([[[-0.4173,  0.1030, -0.1531],
         [ 0.1821,  0.1918,  0.2357],
         [ 0.0760, -0.1436,  0.1866]],

        [[ 0.1249,  0.0754, -0.1107],
         [-0.1432,  0.1520, -0.0687],
         [ 0.0789,  0.0747,  0.1183]],

        [[ 0.1376, -0.1399,  0.2602],
         [ 0.1249,  0.1605,  0.0333],
         [ 0.0136,  0.1037, -0.1431]],

        [[ 0.1274,  0.0741,  0.1898],
         [-0.0820, -0.0398, -0.0872],
         [ 0.1958,  0.1574,  0.3389]],

        [[-0.0870, -0.1097, -0.1499],
         [-0.2878, -0.1408, -0.2925],
         [-0.1896, -0.0772, -0.1243]],

        [[ 0.0577,  0.0396,  0.0126],
         [-0.0766, -0.0655, -0.0068],
         [-0.0781,  0.0206, -0.1152]]], requires_grad=True)]
---------------------------all_bias-------------------------------
[tensor([0.1066], requires_grad=True), tensor([0.0934], requires_grad=True)]
---------------------------all_param-------------------------------
([tensor([[[ 0.0067, -0.2567,  0.0632],
         [-0.0765,  0.3063,  0.0218],
         [ 0.0646, -0.0739,  0.1288]],

        [[-0.0232,  0.0599,  0.1217],
         [ 0.1054, -0.0524,  0.1888],
         [-0.1562, -0.1849, -0.2222]],

        [[ 0.1487,  0.1528,  0.1292],
         [-0.2255, -0.0435,  0.1289],
         [ 0.0162,  0.1234, -0.0832]],

        [[-0.0169,  0.1885,  0.1835],
         [ 0.1981, -0.1899,  0.0726],
         [ 0.0160, -0.2037,  0.1468]],

        [[-0.0931, -0.0393, -0.0776],
         [-0.0353, -0.0501, -0.0438],
         [-0.0441, -0.0653,  0.1426]],

        [[ 0.1549,  0.1608, -0.0519],
         [-0.1001,  0.1518,  0.0028],
         [ 0.0555, -0.2487, -0.0226]]], requires_grad=True), tensor([[[-0.4173,  0.1030, -0.1531],
         [ 0.1821,  0.1918,  0.2357],
         [ 0.0760, -0.1436,  0.1866]],

        [[ 0.1249,  0.0754, -0.1107],
         [-0.1432,  0.1520, -0.0687],
         [ 0.0789,  0.0747,  0.1183]],

        [[ 0.1376, -0.1399,  0.2602],
         [ 0.1249,  0.1605,  0.0333],
         [ 0.0136,  0.1037, -0.1431]],

        [[ 0.1274,  0.0741,  0.1898],
         [-0.0820, -0.0398, -0.0872],
         [ 0.1958,  0.1574,  0.3389]],

        [[-0.0870, -0.1097, -0.1499],
         [-0.2878, -0.1408, -0.2925],
         [-0.1896, -0.0772, -0.1243]],

        [[ 0.0577,  0.0396,  0.0126],
         [-0.0766, -0.0655, -0.0068],
         [-0.0781,  0.0206, -0.1152]]], requires_grad=True)], [tensor([0.1066], requires_grad=True), tensor([0.0934], requires_grad=True)])
