--------------------------all_weights-----------------------------
[tensor([[[ 0.0153, -0.1123,  0.0406],
         [-0.0829,  0.1284,  0.0182],
         [-0.1424, -0.1751, -0.1196],
         [-0.2374, -0.1727,  0.0406]],

        [[ 0.0762,  0.1610,  0.1845],
         [-0.0567, -0.1594, -0.1652],
         [-0.0107,  0.0655,  0.0120],
         [-0.1103,  0.0452,  0.2270]],

        [[ 0.0677, -0.0479, -0.0377],
         [-0.1722,  0.1474,  0.1262],
         [ 0.0573, -0.0658, -0.1031],
         [-0.1140, -0.0952, -0.0874]],

        [[ 0.0265, -0.0415,  0.0600],
         [ 0.1225, -0.0063,  0.1526],
         [-0.1474, -0.0669, -0.0746],
         [ 0.5341, -0.2799,  0.0864]],

        [[-0.0709,  0.0583, -0.0295],
         [-0.1066, -0.0054, -0.0664],
         [ 0.3553, -0.1253,  0.4669],
         [ 0.3637,  0.0084,  0.2220]],

        [[-0.1103, -0.0362, -0.1067],
         [ 0.0645,  0.0554, -0.0748],
         [-0.1933,  0.0514, -0.0916],
         [ 0.0500,  0.0450,  0.0657]]], requires_grad=True), tensor([[[-0.2944,  0.0071, -0.3025],
         [-0.1028,  0.1828, -0.0445],
         [ 0.1374, -0.1373, -0.0074],
         [ 0.1422,  0.0791,  0.3353]],

        [[-0.0266, -0.0776,  0.0616],
         [-0.1245, -0.2131, -0.0999],
         [-0.1324,  0.0485, -0.2412],
         [-0.1160, -0.0659, -0.1349]],

        [[-0.0017, -0.0227, -0.0626],
         [ 0.0082,  0.1315, -0.0282],
         [-0.0550, -0.0950, -0.1010],
         [ 0.2757, -0.1568,  0.0485]],

        [[-0.0498, -0.3938, -0.0077],
         [-0.2648,  0.0348, -0.1185],
         [-0.0005, -0.3077, -0.0298],
         [ 0.0744,  0.2252,  0.1082]],

        [[-0.0795, -0.0079, -0.1588],
         [-0.0211, -0.0042,  0.3605],
         [ 0.3063,  0.0178,  0.1341],
         [-0.0073, -0.0008, -0.0119]],

        [[ 0.1087, -0.0751,  0.0852],
         [-0.2065,  0.1143,  0.0313],
         [-0.0424, -0.0159, -0.0325],
         [ 0.0186, -0.0349, -0.1529]]], requires_grad=True)]
---------------------------all_bias-------------------------------
[tensor([0.1737], requires_grad=True), tensor([0.0263], requires_grad=True)]
---------------------------all_param-------------------------------
([tensor([[[ 0.0153, -0.1123,  0.0406],
         [-0.0829,  0.1284,  0.0182],
         [-0.1424, -0.1751, -0.1196],
         [-0.2374, -0.1727,  0.0406]],

        [[ 0.0762,  0.1610,  0.1845],
         [-0.0567, -0.1594, -0.1652],
         [-0.0107,  0.0655,  0.0120],
         [-0.1103,  0.0452,  0.2270]],

        [[ 0.0677, -0.0479, -0.0377],
         [-0.1722,  0.1474,  0.1262],
         [ 0.0573, -0.0658, -0.1031],
         [-0.1140, -0.0952, -0.0874]],

        [[ 0.0265, -0.0415,  0.0600],
         [ 0.1225, -0.0063,  0.1526],
         [-0.1474, -0.0669, -0.0746],
         [ 0.5341, -0.2799,  0.0864]],

        [[-0.0709,  0.0583, -0.0295],
         [-0.1066, -0.0054, -0.0664],
         [ 0.3553, -0.1253,  0.4669],
         [ 0.3637,  0.0084,  0.2220]],

        [[-0.1103, -0.0362, -0.1067],
         [ 0.0645,  0.0554, -0.0748],
         [-0.1933,  0.0514, -0.0916],
         [ 0.0500,  0.0450,  0.0657]]], requires_grad=True), tensor([[[-0.2944,  0.0071, -0.3025],
         [-0.1028,  0.1828, -0.0445],
         [ 0.1374, -0.1373, -0.0074],
         [ 0.1422,  0.0791,  0.3353]],

        [[-0.0266, -0.0776,  0.0616],
         [-0.1245, -0.2131, -0.0999],
         [-0.1324,  0.0485, -0.2412],
         [-0.1160, -0.0659, -0.1349]],

        [[-0.0017, -0.0227, -0.0626],
         [ 0.0082,  0.1315, -0.0282],
         [-0.0550, -0.0950, -0.1010],
         [ 0.2757, -0.1568,  0.0485]],

        [[-0.0498, -0.3938, -0.0077],
         [-0.2648,  0.0348, -0.1185],
         [-0.0005, -0.3077, -0.0298],
         [ 0.0744,  0.2252,  0.1082]],

        [[-0.0795, -0.0079, -0.1588],
         [-0.0211, -0.0042,  0.3605],
         [ 0.3063,  0.0178,  0.1341],
         [-0.0073, -0.0008, -0.0119]],

        [[ 0.1087, -0.0751,  0.0852],
         [-0.2065,  0.1143,  0.0313],
         [-0.0424, -0.0159, -0.0325],
         [ 0.0186, -0.0349, -0.1529]]], requires_grad=True)], [tensor([0.1737], requires_grad=True), tensor([0.0263], requires_grad=True)])
