--------------------------all_weights-----------------------------
[tensor([[[-0.1891, -0.1504, -0.0529],
         [ 0.0279,  0.0641,  0.1483],
         [-0.0708, -0.0501, -0.0129],
         [-0.1661,  0.0819,  0.0046]],

        [[ 0.1112,  0.0319,  0.2071],
         [ 0.0587, -0.1323, -0.0902],
         [ 0.0982,  0.0950,  0.1113],
         [-0.0571,  0.0714,  0.2834]],

        [[ 0.1790, -0.0662,  0.0791],
         [ 0.0237,  0.1676,  0.2111],
         [ 0.1789, -0.2194,  0.0445],
         [ 0.0739, -0.1049,  0.0990]],

        [[ 0.1267,  0.0228,  0.1379],
         [ 0.1036, -0.0689,  0.1384],
         [-0.0109, -0.0205,  0.0823],
         [ 0.3013, -0.1045, -0.0852]],

        [[ 0.0299,  0.1103,  0.2127],
         [ 0.0823,  0.1331,  0.1147],
         [ 0.0869, -0.0435,  0.1834],
         [ 0.3082,  0.2057,  0.2532]],

        [[-0.1138, -0.0506, -0.1108],
         [ 0.0556,  0.0525, -0.0713],
         [-0.1129,  0.1136, -0.0750],
         [ 0.1084,  0.0913,  0.0597]]], requires_grad=True), tensor([[[ 0.0115, -0.1539,  0.1466],
         [ 0.0549,  0.2232,  0.0908],
         [-0.0417, -0.1994, -0.1893],
         [ 0.0516,  0.1471,  0.2524]],

        [[-0.0068, -0.0738,  0.0447],
         [ 0.0855, -0.0861,  0.1568],
         [ 0.0640,  0.0341, -0.0401],
         [-0.1374, -0.1528, -0.1702]],

        [[-0.0683, -0.0176, -0.1291],
         [ 0.0617,  0.0122, -0.0043],
         [-0.0954, -0.1605, -0.1424],
         [ 0.0421,  0.0129, -0.1888]],

        [[ 0.0995,  0.0275,  0.1488],
         [-0.0126,  0.2395,  0.1228],
         [ 0.1341, -0.1265,  0.1038],
         [ 0.0761, -0.0983,  0.0899]],

        [[ 0.2021,  0.0586,  0.0471],
         [-0.2451, -0.1691, -0.0055],
         [ 0.3725,  0.1969,  0.2033],
         [-0.1517, -0.0889, -0.0803]],

        [[ 0.0971, -0.0387,  0.0732],
         [ 0.0940,  0.0457,  0.0173],
         [-0.0682,  0.0045, -0.0311],
         [-0.0528, -0.1064, -0.1378]]], requires_grad=True)]
---------------------------all_bias-------------------------------
[tensor([0.1224], requires_grad=True), tensor([0.0776], requires_grad=True)]
---------------------------all_param-------------------------------
([tensor([[[-0.1891, -0.1504, -0.0529],
         [ 0.0279,  0.0641,  0.1483],
         [-0.0708, -0.0501, -0.0129],
         [-0.1661,  0.0819,  0.0046]],

        [[ 0.1112,  0.0319,  0.2071],
         [ 0.0587, -0.1323, -0.0902],
         [ 0.0982,  0.0950,  0.1113],
         [-0.0571,  0.0714,  0.2834]],

        [[ 0.1790, -0.0662,  0.0791],
         [ 0.0237,  0.1676,  0.2111],
         [ 0.1789, -0.2194,  0.0445],
         [ 0.0739, -0.1049,  0.0990]],

        [[ 0.1267,  0.0228,  0.1379],
         [ 0.1036, -0.0689,  0.1384],
         [-0.0109, -0.0205,  0.0823],
         [ 0.3013, -0.1045, -0.0852]],

        [[ 0.0299,  0.1103,  0.2127],
         [ 0.0823,  0.1331,  0.1147],
         [ 0.0869, -0.0435,  0.1834],
         [ 0.3082,  0.2057,  0.2532]],

        [[-0.1138, -0.0506, -0.1108],
         [ 0.0556,  0.0525, -0.0713],
         [-0.1129,  0.1136, -0.0750],
         [ 0.1084,  0.0913,  0.0597]]], requires_grad=True), tensor([[[ 0.0115, -0.1539,  0.1466],
         [ 0.0549,  0.2232,  0.0908],
         [-0.0417, -0.1994, -0.1893],
         [ 0.0516,  0.1471,  0.2524]],

        [[-0.0068, -0.0738,  0.0447],
         [ 0.0855, -0.0861,  0.1568],
         [ 0.0640,  0.0341, -0.0401],
         [-0.1374, -0.1528, -0.1702]],

        [[-0.0683, -0.0176, -0.1291],
         [ 0.0617,  0.0122, -0.0043],
         [-0.0954, -0.1605, -0.1424],
         [ 0.0421,  0.0129, -0.1888]],

        [[ 0.0995,  0.0275,  0.1488],
         [-0.0126,  0.2395,  0.1228],
         [ 0.1341, -0.1265,  0.1038],
         [ 0.0761, -0.0983,  0.0899]],

        [[ 0.2021,  0.0586,  0.0471],
         [-0.2451, -0.1691, -0.0055],
         [ 0.3725,  0.1969,  0.2033],
         [-0.1517, -0.0889, -0.0803]],

        [[ 0.0971, -0.0387,  0.0732],
         [ 0.0940,  0.0457,  0.0173],
         [-0.0682,  0.0045, -0.0311],
         [-0.0528, -0.1064, -0.1378]]], requires_grad=True)], [tensor([0.1224], requires_grad=True), tensor([0.0776], requires_grad=True)])
--------------------------all_weights-----------------------------
[tensor([[[-0.1108, -0.2224, -0.0469],
         [-0.0165,  0.0399,  0.1032],
         [ 0.0439, -0.1575,  0.0319],
         [-0.1538, -0.1203, -0.0030]],

        [[ 0.1456, -0.0072,  0.2236],
         [ 0.0307, -0.0966, -0.1144],
         [ 0.1028,  0.0845,  0.1104],
         [-0.0320,  0.0100,  0.3093]],

        [[ 0.1642,  0.0076,  0.0717],
         [-0.0193,  0.2230,  0.2792],
         [ 0.1751, -0.1823,  0.0193],
         [ 0.1580,  0.0013,  0.1805]],

        [[ 0.0964,  0.0094,  0.1110],
         [ 0.1140, -0.0287,  0.1492],
         [-0.0870, -0.0621,  0.0046],
         [ 0.3533, -0.0597, -0.0382]],

        [[ 0.0141,  0.0526,  0.1147],
         [ 0.1024,  0.0231,  0.0716],
         [ 0.1398, -0.1949,  0.2336],
         [ 0.2536,  0.1585,  0.2956]],

        [[-0.1075, -0.0277, -0.1039],
         [ 0.0659,  0.0513, -0.0746],
         [-0.2060, -0.0017, -0.0717],
         [ 0.0605, -0.0346,  0.0623]]], requires_grad=True), tensor([[[-0.0043, -0.1614,  0.1237],
         [ 0.0413,  0.2641,  0.0749],
         [-0.0789, -0.0185, -0.2315],
         [ 0.0533,  0.2460,  0.2416]],

        [[-0.1585, -0.0648, -0.0990],
         [ 0.0495,  0.0179,  0.1179],
         [ 0.1133,  0.0586, -0.0077],
         [-0.2035, -0.0096, -0.2023]],

        [[-0.1116, -0.1361, -0.1681],
         [ 0.0487, -0.0418,  0.0319],
         [-0.1577, -0.2307, -0.1835],
         [-0.0225,  0.0611, -0.2531]],

        [[ 0.0674, -0.1048,  0.1199],
         [ 0.0660,  0.2722,  0.1903],
         [ 0.0716, -0.0475,  0.0466],
         [ 0.0531, -0.0695,  0.0680]],

        [[ 0.2315,  0.1014, -0.0511],
         [-0.2940, -0.0742,  0.0304],
         [ 0.3372,  0.2542,  0.1472],
         [-0.0703, -0.1341, -0.0075]],

        [[ 0.0976, -0.0383,  0.0731],
         [ 0.1807,  0.0872,  0.0222],
         [ 0.0212,  0.1085, -0.0306],
         [-0.0281, -0.0999, -0.1393]]], requires_grad=True)]
---------------------------all_bias-------------------------------
[tensor([0.1076], requires_grad=True), tensor([0.0924], requires_grad=True)]
---------------------------all_param-------------------------------
([tensor([[[-0.1108, -0.2224, -0.0469],
         [-0.0165,  0.0399,  0.1032],
         [ 0.0439, -0.1575,  0.0319],
         [-0.1538, -0.1203, -0.0030]],

        [[ 0.1456, -0.0072,  0.2236],
         [ 0.0307, -0.0966, -0.1144],
         [ 0.1028,  0.0845,  0.1104],
         [-0.0320,  0.0100,  0.3093]],

        [[ 0.1642,  0.0076,  0.0717],
         [-0.0193,  0.2230,  0.2792],
         [ 0.1751, -0.1823,  0.0193],
         [ 0.1580,  0.0013,  0.1805]],

        [[ 0.0964,  0.0094,  0.1110],
         [ 0.1140, -0.0287,  0.1492],
         [-0.0870, -0.0621,  0.0046],
         [ 0.3533, -0.0597, -0.0382]],

        [[ 0.0141,  0.0526,  0.1147],
         [ 0.1024,  0.0231,  0.0716],
         [ 0.1398, -0.1949,  0.2336],
         [ 0.2536,  0.1585,  0.2956]],

        [[-0.1075, -0.0277, -0.1039],
         [ 0.0659,  0.0513, -0.0746],
         [-0.2060, -0.0017, -0.0717],
         [ 0.0605, -0.0346,  0.0623]]], requires_grad=True), tensor([[[-0.0043, -0.1614,  0.1237],
         [ 0.0413,  0.2641,  0.0749],
         [-0.0789, -0.0185, -0.2315],
         [ 0.0533,  0.2460,  0.2416]],

        [[-0.1585, -0.0648, -0.0990],
         [ 0.0495,  0.0179,  0.1179],
         [ 0.1133,  0.0586, -0.0077],
         [-0.2035, -0.0096, -0.2023]],

        [[-0.1116, -0.1361, -0.1681],
         [ 0.0487, -0.0418,  0.0319],
         [-0.1577, -0.2307, -0.1835],
         [-0.0225,  0.0611, -0.2531]],

        [[ 0.0674, -0.1048,  0.1199],
         [ 0.0660,  0.2722,  0.1903],
         [ 0.0716, -0.0475,  0.0466],
         [ 0.0531, -0.0695,  0.0680]],

        [[ 0.2315,  0.1014, -0.0511],
         [-0.2940, -0.0742,  0.0304],
         [ 0.3372,  0.2542,  0.1472],
         [-0.0703, -0.1341, -0.0075]],

        [[ 0.0976, -0.0383,  0.0731],
         [ 0.1807,  0.0872,  0.0222],
         [ 0.0212,  0.1085, -0.0306],
         [-0.0281, -0.0999, -0.1393]]], requires_grad=True)], [tensor([0.1076], requires_grad=True), tensor([0.0924], requires_grad=True)])
--------------------------all_weights-----------------------------
[tensor([[[-0.1384, -0.2035, -0.0595],
         [ 0.0639,  0.0031,  0.1744],
         [-0.1531, -0.1118, -0.0979],
         [-0.2196, -0.0590, -0.0626]],

        [[ 0.0961,  0.0167,  0.1819],
         [ 0.0879, -0.1978, -0.0640],
         [ 0.0577,  0.0720,  0.0546],
         [-0.1327,  0.0126,  0.2102]],

        [[ 0.1590, -0.0108,  0.0679],
         [ 0.0162,  0.2608,  0.1826],
         [ 0.1660, -0.1965,  0.0416],
         [ 0.0071, -0.0242,  0.0313]],

        [[ 0.0937, -0.0239,  0.1148],
         [ 0.0531, -0.0493,  0.0989],
         [-0.0970, -0.1116, -0.0108],
         [ 0.2811, -0.1763, -0.1496]],

        [[ 0.0017,  0.0130,  0.1353],
         [-0.0780,  0.0761, -0.0886],
         [ 0.0790, -0.1208,  0.1681],
         [ 0.2478,  0.2066,  0.1776]],

        [[-0.1110, -0.0270, -0.1079],
         [ 0.0940,  0.0260, -0.0740],
         [-0.1379,  0.0639, -0.0754],
         [-0.0032, -0.0267,  0.0640]]], requires_grad=True), tensor([[[-0.0922, -0.0994,  0.0288],
         [ 0.0261,  0.2653,  0.1014],
         [-0.0340, -0.1088, -0.1858],
         [-0.0056,  0.2101,  0.1890]],

        [[-0.0760, -0.0528, -0.0312],
         [-0.0220, -0.1328,  0.0559],
         [ 0.1202,  0.0562,  0.0200],
         [-0.2587, -0.1091, -0.2680]],

        [[-0.0737, -0.0807, -0.1297],
         [ 0.0788, -0.0603,  0.0339],
         [-0.1230, -0.2427, -0.1596],
         [-0.0124,  0.0728, -0.2422]],

        [[ 0.1134,  0.0094,  0.1614],
         [ 0.0435,  0.2483,  0.1763],
         [ 0.1884, -0.1131,  0.1556],
         [ 0.0264, -0.1369,  0.0383]],

        [[ 0.1713,  0.1127,  0.0215],
         [-0.2424, -0.1111,  0.0841],
         [ 0.3019,  0.2199,  0.1290],
         [-0.1681, -0.1139, -0.0910]],

        [[ 0.0937, -0.0308,  0.0704],
         [ 0.1554,  0.0491,  0.0184],
         [-0.0784, -0.0368, -0.0292],
         [ 0.0435, -0.0295, -0.1373]]], requires_grad=True)]
---------------------------all_bias-------------------------------
[tensor([0.1269], requires_grad=True), tensor([0.0731], requires_grad=True)]
---------------------------all_param-------------------------------
([tensor([[[-0.1384, -0.2035, -0.0595],
         [ 0.0639,  0.0031,  0.1744],
         [-0.1531, -0.1118, -0.0979],
         [-0.2196, -0.0590, -0.0626]],

        [[ 0.0961,  0.0167,  0.1819],
         [ 0.0879, -0.1978, -0.0640],
         [ 0.0577,  0.0720,  0.0546],
         [-0.1327,  0.0126,  0.2102]],

        [[ 0.1590, -0.0108,  0.0679],
         [ 0.0162,  0.2608,  0.1826],
         [ 0.1660, -0.1965,  0.0416],
         [ 0.0071, -0.0242,  0.0313]],

        [[ 0.0937, -0.0239,  0.1148],
         [ 0.0531, -0.0493,  0.0989],
         [-0.0970, -0.1116, -0.0108],
         [ 0.2811, -0.1763, -0.1496]],

        [[ 0.0017,  0.0130,  0.1353],
         [-0.0780,  0.0761, -0.0886],
         [ 0.0790, -0.1208,  0.1681],
         [ 0.2478,  0.2066,  0.1776]],

        [[-0.1110, -0.0270, -0.1079],
         [ 0.0940,  0.0260, -0.0740],
         [-0.1379,  0.0639, -0.0754],
         [-0.0032, -0.0267,  0.0640]]], requires_grad=True), tensor([[[-0.0922, -0.0994,  0.0288],
         [ 0.0261,  0.2653,  0.1014],
         [-0.0340, -0.1088, -0.1858],
         [-0.0056,  0.2101,  0.1890]],

        [[-0.0760, -0.0528, -0.0312],
         [-0.0220, -0.1328,  0.0559],
         [ 0.1202,  0.0562,  0.0200],
         [-0.2587, -0.1091, -0.2680]],

        [[-0.0737, -0.0807, -0.1297],
         [ 0.0788, -0.0603,  0.0339],
         [-0.1230, -0.2427, -0.1596],
         [-0.0124,  0.0728, -0.2422]],

        [[ 0.1134,  0.0094,  0.1614],
         [ 0.0435,  0.2483,  0.1763],
         [ 0.1884, -0.1131,  0.1556],
         [ 0.0264, -0.1369,  0.0383]],

        [[ 0.1713,  0.1127,  0.0215],
         [-0.2424, -0.1111,  0.0841],
         [ 0.3019,  0.2199,  0.1290],
         [-0.1681, -0.1139, -0.0910]],

        [[ 0.0937, -0.0308,  0.0704],
         [ 0.1554,  0.0491,  0.0184],
         [-0.0784, -0.0368, -0.0292],
         [ 0.0435, -0.0295, -0.1373]]], requires_grad=True)], [tensor([0.1269], requires_grad=True), tensor([0.0731], requires_grad=True)])
--------------------------all_weights-----------------------------
[tensor([[[-0.1566, -0.1757, -0.0700],
         [ 0.0218,  0.0423,  0.1369],
         [-0.0486, -0.1296,  0.0431],
         [-0.1639, -0.0167,  0.0158]],

        [[ 0.1475, -0.0128,  0.2443],
         [ 0.0496, -0.1168, -0.0942],
         [ 0.0481,  0.1076,  0.0609],
         [-0.0021,  0.0280,  0.3389]],

        [[ 0.1630,  0.0088,  0.0726],
         [-0.0454,  0.2254,  0.1983],
         [ 0.1625, -0.2238,  0.0087],
         [ 0.1263, -0.1438,  0.1439]],

        [[ 0.1161, -0.0413,  0.1310],
         [ 0.0552, -0.0373,  0.0955],
         [-0.0211, -0.0491,  0.1150],
         [ 0.3113, -0.1165, -0.0963]],

        [[ 0.0403,  0.0660,  0.1820],
         [ 0.1046,  0.0314,  0.0378],
         [ 0.0359, -0.1038,  0.1319],
         [ 0.3052,  0.2118,  0.1947]],

        [[-0.1115, -0.0341, -0.1083],
         [-0.0066,  0.0614, -0.0781],
         [-0.0758,  0.0657, -0.0689],
         [ 0.0384,  0.0168,  0.0643]]], requires_grad=True), tensor([[[-0.0861, -0.1276,  0.0280],
         [ 0.0613,  0.2511,  0.1225],
         [-0.0538, -0.1063, -0.2018],
         [ 0.0195,  0.2460,  0.2091]],

        [[-0.1304, -0.0588, -0.0505],
         [-0.0090, -0.1277,  0.0673],
         [ 0.0153,  0.0335, -0.0880],
         [-0.2566, -0.1376, -0.2816]],

        [[-0.0446, -0.1205, -0.0983],
         [ 0.0200, -0.0370,  0.0373],
         [-0.0239, -0.2131, -0.0625],
         [-0.0179,  0.0664, -0.2505]],

        [[ 0.1304,  0.0128,  0.1798],
         [ 0.0271,  0.2842,  0.1489],
         [ 0.1632, -0.0886,  0.1310],
         [ 0.0457, -0.1521,  0.0604]],

        [[ 0.1805,  0.0778,  0.0629],
         [-0.2754, -0.1061,  0.0757],
         [ 0.3424,  0.2193,  0.1671],
         [-0.1647, -0.1203, -0.0915]],

        [[ 0.1022, -0.0451,  0.0790],
         [-0.0713,  0.0331,  0.0207],
         [-0.0808, -0.0545, -0.0319],
         [ 0.0086,  0.0679, -0.1373]]], requires_grad=True)]
---------------------------all_bias-------------------------------
[tensor([0.1077], requires_grad=True), tensor([0.0923], requires_grad=True)]
---------------------------all_param-------------------------------
([tensor([[[-0.1566, -0.1757, -0.0700],
         [ 0.0218,  0.0423,  0.1369],
         [-0.0486, -0.1296,  0.0431],
         [-0.1639, -0.0167,  0.0158]],

        [[ 0.1475, -0.0128,  0.2443],
         [ 0.0496, -0.1168, -0.0942],
         [ 0.0481,  0.1076,  0.0609],
         [-0.0021,  0.0280,  0.3389]],

        [[ 0.1630,  0.0088,  0.0726],
         [-0.0454,  0.2254,  0.1983],
         [ 0.1625, -0.2238,  0.0087],
         [ 0.1263, -0.1438,  0.1439]],

        [[ 0.1161, -0.0413,  0.1310],
         [ 0.0552, -0.0373,  0.0955],
         [-0.0211, -0.0491,  0.1150],
         [ 0.3113, -0.1165, -0.0963]],

        [[ 0.0403,  0.0660,  0.1820],
         [ 0.1046,  0.0314,  0.0378],
         [ 0.0359, -0.1038,  0.1319],
         [ 0.3052,  0.2118,  0.1947]],

        [[-0.1115, -0.0341, -0.1083],
         [-0.0066,  0.0614, -0.0781],
         [-0.0758,  0.0657, -0.0689],
         [ 0.0384,  0.0168,  0.0643]]], requires_grad=True), tensor([[[-0.0861, -0.1276,  0.0280],
         [ 0.0613,  0.2511,  0.1225],
         [-0.0538, -0.1063, -0.2018],
         [ 0.0195,  0.2460,  0.2091]],

        [[-0.1304, -0.0588, -0.0505],
         [-0.0090, -0.1277,  0.0673],
         [ 0.0153,  0.0335, -0.0880],
         [-0.2566, -0.1376, -0.2816]],

        [[-0.0446, -0.1205, -0.0983],
         [ 0.0200, -0.0370,  0.0373],
         [-0.0239, -0.2131, -0.0625],
         [-0.0179,  0.0664, -0.2505]],

        [[ 0.1304,  0.0128,  0.1798],
         [ 0.0271,  0.2842,  0.1489],
         [ 0.1632, -0.0886,  0.1310],
         [ 0.0457, -0.1521,  0.0604]],

        [[ 0.1805,  0.0778,  0.0629],
         [-0.2754, -0.1061,  0.0757],
         [ 0.3424,  0.2193,  0.1671],
         [-0.1647, -0.1203, -0.0915]],

        [[ 0.1022, -0.0451,  0.0790],
         [-0.0713,  0.0331,  0.0207],
         [-0.0808, -0.0545, -0.0319],
         [ 0.0086,  0.0679, -0.1373]]], requires_grad=True)], [tensor([0.1077], requires_grad=True), tensor([0.0923], requires_grad=True)])
--------------------------all_weights-----------------------------
[tensor([[[-0.1357, -0.1440, -0.0355],
         [ 0.0672,  0.0825,  0.1903],
         [-0.0863,  0.0017, -0.0399],
         [-0.2274,  0.0471, -0.0631]],

        [[ 0.0858,  0.0122,  0.1739],
         [ 0.1186, -0.1545, -0.0370],
         [ 0.1252,  0.1249,  0.1445],
         [-0.0783,  0.1290,  0.2450]],

        [[ 0.2276, -0.0740,  0.1320],
         [-0.0764,  0.1654,  0.2163],
         [ 0.2340, -0.2594,  0.1041],
         [ 0.0968, -0.0891,  0.1251]],

        [[ 0.1426,  0.0125,  0.1559],
         [ 0.1179, -0.0780,  0.1559],
         [-0.0226,  0.0257,  0.0836],
         [ 0.3410, -0.0812, -0.0673]],

        [[ 0.0535,  0.1776,  0.1259],
         [ 0.0763,  0.1784,  0.1021],
         [ 0.1331, -0.0758,  0.2260],
         [ 0.3072,  0.2122,  0.1382]],

        [[-0.1116, -0.0322, -0.1083],
         [ 0.1211,  0.0941, -0.0748],
         [-0.0240,  0.1336, -0.0714],
         [ 0.0919,  0.1142,  0.0631]]], requires_grad=True), tensor([[[ 6.2178e-02, -1.3735e-01,  1.9906e-01],
         [ 9.6588e-02,  2.5109e-01,  1.0043e-01],
         [-4.1150e-02, -2.0233e-01, -1.9421e-01],
         [ 1.1591e-01,  2.1578e-01,  3.3507e-01]],

        [[-5.0014e-02, -1.1043e-01,  1.7089e-04],
         [ 9.7239e-02, -4.8943e-02,  1.8384e-01],
         [ 8.4843e-02,  3.7954e-02, -1.9520e-02],
         [-1.2577e-01, -7.5721e-02, -1.5311e-01]],

        [[-1.4102e-01,  1.3532e-02, -2.0811e-01],
         [ 4.9113e-02, -9.7741e-03,  2.2726e-02],
         [-2.1416e-01, -1.7424e-01, -2.7355e-01],
         [ 6.0259e-02,  4.8403e-02, -1.6903e-01]],

        [[ 2.4214e-01,  4.0379e-02,  2.9456e-01],
         [ 3.2370e-02,  2.7794e-01,  1.7948e-01],
         [ 1.6761e-01, -6.9822e-02,  1.4325e-01],
         [ 1.0885e-01, -7.2603e-02,  1.4697e-01]],

        [[ 3.7469e-01,  1.7225e-01, -6.2143e-03],
         [-2.2019e-01, -2.0461e-01, -1.1850e-01],
         [ 4.3065e-01,  2.2755e-01,  2.4825e-01],
         [-2.6013e-01, -9.6161e-02, -2.0221e-01]],

        [[ 9.5051e-02, -1.0706e-02,  7.1427e-02],
         [ 6.4997e-02,  8.9186e-02,  1.7549e-02],
         [-2.5933e-02,  8.3999e-02, -3.4141e-02],
         [ 1.4138e-02, -1.5689e-01, -1.3931e-01]]], requires_grad=True)]
---------------------------all_bias-------------------------------
[tensor([0.1365], requires_grad=True), tensor([0.0634], requires_grad=True)]
---------------------------all_param-------------------------------
([tensor([[[-0.1357, -0.1440, -0.0355],
         [ 0.0672,  0.0825,  0.1903],
         [-0.0863,  0.0017, -0.0399],
         [-0.2274,  0.0471, -0.0631]],

        [[ 0.0858,  0.0122,  0.1739],
         [ 0.1186, -0.1545, -0.0370],
         [ 0.1252,  0.1249,  0.1445],
         [-0.0783,  0.1290,  0.2450]],

        [[ 0.2276, -0.0740,  0.1320],
         [-0.0764,  0.1654,  0.2163],
         [ 0.2340, -0.2594,  0.1041],
         [ 0.0968, -0.0891,  0.1251]],

        [[ 0.1426,  0.0125,  0.1559],
         [ 0.1179, -0.0780,  0.1559],
         [-0.0226,  0.0257,  0.0836],
         [ 0.3410, -0.0812, -0.0673]],

        [[ 0.0535,  0.1776,  0.1259],
         [ 0.0763,  0.1784,  0.1021],
         [ 0.1331, -0.0758,  0.2260],
         [ 0.3072,  0.2122,  0.1382]],

        [[-0.1116, -0.0322, -0.1083],
         [ 0.1211,  0.0941, -0.0748],
         [-0.0240,  0.1336, -0.0714],
         [ 0.0919,  0.1142,  0.0631]]], requires_grad=True), tensor([[[ 6.2178e-02, -1.3735e-01,  1.9906e-01],
         [ 9.6588e-02,  2.5109e-01,  1.0043e-01],
         [-4.1150e-02, -2.0233e-01, -1.9421e-01],
         [ 1.1591e-01,  2.1578e-01,  3.3507e-01]],

        [[-5.0014e-02, -1.1043e-01,  1.7089e-04],
         [ 9.7239e-02, -4.8943e-02,  1.8384e-01],
         [ 8.4843e-02,  3.7954e-02, -1.9520e-02],
         [-1.2577e-01, -7.5721e-02, -1.5311e-01]],

        [[-1.4102e-01,  1.3532e-02, -2.0811e-01],
         [ 4.9113e-02, -9.7741e-03,  2.2726e-02],
         [-2.1416e-01, -1.7424e-01, -2.7355e-01],
         [ 6.0259e-02,  4.8403e-02, -1.6903e-01]],

        [[ 2.4214e-01,  4.0379e-02,  2.9456e-01],
         [ 3.2370e-02,  2.7794e-01,  1.7948e-01],
         [ 1.6761e-01, -6.9822e-02,  1.4325e-01],
         [ 1.0885e-01, -7.2603e-02,  1.4697e-01]],

        [[ 3.7469e-01,  1.7225e-01, -6.2143e-03],
         [-2.2019e-01, -2.0461e-01, -1.1850e-01],
         [ 4.3065e-01,  2.2755e-01,  2.4825e-01],
         [-2.6013e-01, -9.6161e-02, -2.0221e-01]],

        [[ 9.5051e-02, -1.0706e-02,  7.1427e-02],
         [ 6.4997e-02,  8.9186e-02,  1.7549e-02],
         [-2.5933e-02,  8.3999e-02, -3.4141e-02],
         [ 1.4138e-02, -1.5689e-01, -1.3931e-01]]], requires_grad=True)], [tensor([0.1365], requires_grad=True), tensor([0.0634], requires_grad=True)])
--------------------------all_weights-----------------------------
[tensor([[[-0.0686, -0.1812, -0.0474],
         [ 0.0111,  0.0015,  0.1293],
         [-0.0036, -0.1892,  0.0338],
         [-0.1933, -0.0917, -0.0347]],

        [[ 0.1729, -0.0542,  0.2607],
         [ 0.0742, -0.0675, -0.0853],
         [ 0.0995,  0.1009,  0.1255],
         [ 0.0138,  0.0183,  0.3567]],

        [[ 0.2196,  0.0113,  0.1268],
         [-0.0142,  0.2386,  0.2485],
         [ 0.2091, -0.0987,  0.0565],
         [ 0.1640, -0.0424,  0.1891]],

        [[ 0.1337,  0.0254,  0.1457],
         [ 0.1448, -0.0005,  0.1840],
         [-0.0319, -0.0013,  0.0704],
         [ 0.3565, -0.0582, -0.0729]],

        [[ 0.1039,  0.1408,  0.1143],
         [ 0.1124,  0.0680,  0.0761],
         [ 0.1515, -0.2073,  0.2437],
         [ 0.2655,  0.1522,  0.3235]],

        [[-0.1129, -0.0503, -0.1088],
         [ 0.1224,  0.0948, -0.0744],
         [-0.0878,  0.0095, -0.0763],
         [ 0.0425,  0.0044,  0.0640]]], requires_grad=True), tensor([[[-0.0643, -0.1466,  0.1590],
         [ 0.0495,  0.2509,  0.0987],
         [-0.1102, -0.0385, -0.2525],
         [ 0.0189,  0.2463,  0.2041]],

        [[-0.2080, -0.0321, -0.1455],
         [-0.0109, -0.0225,  0.0609],
         [ 0.1234,  0.0512,  0.0019],
         [-0.3255, -0.1059, -0.3532]],

        [[-0.1748, -0.1733, -0.2217],
         [ 0.0414, -0.0654,  0.0256],
         [-0.2120, -0.2028, -0.2490],
         [-0.0544,  0.0432, -0.2891]],

        [[ 0.0954,  0.0587,  0.1475],
         [ 0.0440,  0.3080,  0.1900],
         [ 0.1454, -0.1407,  0.1262],
         [ 0.0206, -0.1462,  0.0612]],

        [[ 0.2495,  0.1854, -0.0447],
         [-0.3500, -0.1876,  0.0587],
         [ 0.3366,  0.1426,  0.1738],
         [-0.0446, -0.1745, -0.0263]],

        [[ 0.0994, -0.0320,  0.0758],
         [ 0.1567,  0.1518,  0.0172],
         [-0.0109, -0.0271, -0.0307],
         [-0.0275, -0.0759, -0.1385]]], requires_grad=True)]
---------------------------all_bias-------------------------------
[tensor([0.1105], requires_grad=True), tensor([0.0894], requires_grad=True)]
---------------------------all_param-------------------------------
([tensor([[[-0.0686, -0.1812, -0.0474],
         [ 0.0111,  0.0015,  0.1293],
         [-0.0036, -0.1892,  0.0338],
         [-0.1933, -0.0917, -0.0347]],

        [[ 0.1729, -0.0542,  0.2607],
         [ 0.0742, -0.0675, -0.0853],
         [ 0.0995,  0.1009,  0.1255],
         [ 0.0138,  0.0183,  0.3567]],

        [[ 0.2196,  0.0113,  0.1268],
         [-0.0142,  0.2386,  0.2485],
         [ 0.2091, -0.0987,  0.0565],
         [ 0.1640, -0.0424,  0.1891]],

        [[ 0.1337,  0.0254,  0.1457],
         [ 0.1448, -0.0005,  0.1840],
         [-0.0319, -0.0013,  0.0704],
         [ 0.3565, -0.0582, -0.0729]],

        [[ 0.1039,  0.1408,  0.1143],
         [ 0.1124,  0.0680,  0.0761],
         [ 0.1515, -0.2073,  0.2437],
         [ 0.2655,  0.1522,  0.3235]],

        [[-0.1129, -0.0503, -0.1088],
         [ 0.1224,  0.0948, -0.0744],
         [-0.0878,  0.0095, -0.0763],
         [ 0.0425,  0.0044,  0.0640]]], requires_grad=True), tensor([[[-0.0643, -0.1466,  0.1590],
         [ 0.0495,  0.2509,  0.0987],
         [-0.1102, -0.0385, -0.2525],
         [ 0.0189,  0.2463,  0.2041]],

        [[-0.2080, -0.0321, -0.1455],
         [-0.0109, -0.0225,  0.0609],
         [ 0.1234,  0.0512,  0.0019],
         [-0.3255, -0.1059, -0.3532]],

        [[-0.1748, -0.1733, -0.2217],
         [ 0.0414, -0.0654,  0.0256],
         [-0.2120, -0.2028, -0.2490],
         [-0.0544,  0.0432, -0.2891]],

        [[ 0.0954,  0.0587,  0.1475],
         [ 0.0440,  0.3080,  0.1900],
         [ 0.1454, -0.1407,  0.1262],
         [ 0.0206, -0.1462,  0.0612]],

        [[ 0.2495,  0.1854, -0.0447],
         [-0.3500, -0.1876,  0.0587],
         [ 0.3366,  0.1426,  0.1738],
         [-0.0446, -0.1745, -0.0263]],

        [[ 0.0994, -0.0320,  0.0758],
         [ 0.1567,  0.1518,  0.0172],
         [-0.0109, -0.0271, -0.0307],
         [-0.0275, -0.0759, -0.1385]]], requires_grad=True)], [tensor([0.1105], requires_grad=True), tensor([0.0894], requires_grad=True)])
--------------------------all_weights-----------------------------
[tensor([[[-0.0981, -0.1783, -0.0065],
         [ 0.0409,  0.0624,  0.1601],
         [-0.0633, -0.0411, -0.0190],
         [-0.1813, -0.0968, -0.0205]],

        [[ 0.0982, -0.0930,  0.1882],
         [ 0.0907, -0.1500, -0.0619],
         [ 0.0872,  0.1009,  0.0989],
         [-0.0422,  0.0758,  0.2988]],

        [[ 0.1949,  0.0394,  0.1026],
         [-0.0223,  0.2344,  0.2078],
         [ 0.1851, -0.1775,  0.0326],
         [ 0.1104, -0.0755,  0.1317]],

        [[ 0.1556, -0.0304,  0.1712],
         [ 0.0889, -0.0109,  0.1268],
         [-0.0450, -0.0509,  0.0604],
         [ 0.3332, -0.1012, -0.0985]],

        [[ 0.1259,  0.1475,  0.1904],
         [ 0.0742,  0.1109,  0.0373],
         [ 0.0898, -0.2326,  0.1796],
         [ 0.3067,  0.2474,  0.1719]],

        [[-0.1107, -0.0224, -0.1077],
         [ 0.0667,  0.0609, -0.0742],
         [-0.1149,  0.0816, -0.0758],
         [ 0.0068,  0.0066,  0.0651]]], requires_grad=True), tensor([[[-0.0147, -0.1577,  0.1579],
         [ 0.0558,  0.2492,  0.0801],
         [-0.0672, -0.1556, -0.2192],
         [-0.0009,  0.2216,  0.1979]],

        [[-0.1304, -0.0714, -0.0707],
         [ 0.0120, -0.0700,  0.0876],
         [ 0.1149,  0.0467,  0.0107],
         [-0.2611, -0.1487, -0.2888]],

        [[-0.1146, -0.1346, -0.1579],
         [ 0.1441, -0.0692,  0.1227],
         [-0.1629, -0.2094, -0.2301],
         [-0.0142,  0.0512, -0.2430]],

        [[ 0.1450,  0.0169,  0.1992],
         [ 0.0580,  0.3028,  0.1928],
         [ 0.1644, -0.1221,  0.1340],
         [ 0.0704, -0.1335,  0.1076]],

        [[ 0.3258,  0.2163, -0.0079],
         [-0.3080, -0.2040, -0.0269],
         [ 0.3708,  0.2743,  0.1939],
         [-0.1403, -0.2034, -0.0680]],

        [[ 0.0962, -0.0407,  0.0722],
         [ 0.1100,  0.0733,  0.0180],
         [ 0.0104,  0.0212, -0.0322],
         [-0.0773, -0.0516, -0.1369]]], requires_grad=True)]
---------------------------all_bias-------------------------------
[tensor([0.1243], requires_grad=True), tensor([0.0756], requires_grad=True)]
---------------------------all_param-------------------------------
([tensor([[[-0.0981, -0.1783, -0.0065],
         [ 0.0409,  0.0624,  0.1601],
         [-0.0633, -0.0411, -0.0190],
         [-0.1813, -0.0968, -0.0205]],

        [[ 0.0982, -0.0930,  0.1882],
         [ 0.0907, -0.1500, -0.0619],
         [ 0.0872,  0.1009,  0.0989],
         [-0.0422,  0.0758,  0.2988]],

        [[ 0.1949,  0.0394,  0.1026],
         [-0.0223,  0.2344,  0.2078],
         [ 0.1851, -0.1775,  0.0326],
         [ 0.1104, -0.0755,  0.1317]],

        [[ 0.1556, -0.0304,  0.1712],
         [ 0.0889, -0.0109,  0.1268],
         [-0.0450, -0.0509,  0.0604],
         [ 0.3332, -0.1012, -0.0985]],

        [[ 0.1259,  0.1475,  0.1904],
         [ 0.0742,  0.1109,  0.0373],
         [ 0.0898, -0.2326,  0.1796],
         [ 0.3067,  0.2474,  0.1719]],

        [[-0.1107, -0.0224, -0.1077],
         [ 0.0667,  0.0609, -0.0742],
         [-0.1149,  0.0816, -0.0758],
         [ 0.0068,  0.0066,  0.0651]]], requires_grad=True), tensor([[[-0.0147, -0.1577,  0.1579],
         [ 0.0558,  0.2492,  0.0801],
         [-0.0672, -0.1556, -0.2192],
         [-0.0009,  0.2216,  0.1979]],

        [[-0.1304, -0.0714, -0.0707],
         [ 0.0120, -0.0700,  0.0876],
         [ 0.1149,  0.0467,  0.0107],
         [-0.2611, -0.1487, -0.2888]],

        [[-0.1146, -0.1346, -0.1579],
         [ 0.1441, -0.0692,  0.1227],
         [-0.1629, -0.2094, -0.2301],
         [-0.0142,  0.0512, -0.2430]],

        [[ 0.1450,  0.0169,  0.1992],
         [ 0.0580,  0.3028,  0.1928],
         [ 0.1644, -0.1221,  0.1340],
         [ 0.0704, -0.1335,  0.1076]],

        [[ 0.3258,  0.2163, -0.0079],
         [-0.3080, -0.2040, -0.0269],
         [ 0.3708,  0.2743,  0.1939],
         [-0.1403, -0.2034, -0.0680]],

        [[ 0.0962, -0.0407,  0.0722],
         [ 0.1100,  0.0733,  0.0180],
         [ 0.0104,  0.0212, -0.0322],
         [-0.0773, -0.0516, -0.1369]]], requires_grad=True)], [tensor([0.1243], requires_grad=True), tensor([0.0756], requires_grad=True)])
--------------------------all_weights-----------------------------
[tensor([[[-3.3486e-04, -1.8624e-01,  3.1797e-02],
         [ 7.3670e-02,  1.5461e-02,  1.8932e-01],
         [-5.1506e-02, -9.3784e-02,  6.4211e-05],
         [-1.8831e-01, -3.6112e-02, -2.4418e-02]],

        [[ 1.3832e-01, -1.0842e-01,  2.2627e-01],
         [ 1.2854e-01, -1.5564e-01, -1.9916e-02],
         [ 6.5535e-02,  1.1196e-01,  8.0532e-02],
         [ 1.8093e-02,  6.9143e-02,  3.4835e-01]],

        [[ 1.9951e-01,  1.7647e-02,  1.0822e-01],
         [-5.0984e-02,  2.5797e-01,  1.9169e-01],
         [ 1.7250e-01, -2.3983e-01,  2.6479e-02],
         [ 1.3153e-01, -1.2993e-01,  1.6004e-01]],

        [[ 1.3977e-01, -1.6091e-02,  1.5397e-01],
         [ 6.1646e-02, -5.1160e-02,  1.0018e-01],
         [-6.3314e-02, -2.8903e-02,  4.1608e-02],
         [ 3.4561e-01, -1.2395e-01, -6.2144e-02]],

        [[ 1.1988e-01,  1.3280e-01,  2.5632e-01],
         [ 6.9952e-02,  4.6576e-02,  8.0925e-02],
         [ 9.6634e-02, -2.3753e-01,  1.8747e-01],
         [ 2.9372e-01,  2.4887e-01,  1.6908e-01]],

        [[-1.0924e-01, -3.5083e-02, -1.0623e-01],
         [ 7.9944e-02,  8.0208e-02, -7.4468e-02],
         [-8.1473e-02,  7.9903e-02, -7.4464e-02],
         [-3.2754e-02,  2.7772e-02,  6.1629e-02]]], requires_grad=True), tensor([[[-0.0191, -0.1666,  0.1089],
         [-0.0144,  0.2344,  0.0756],
         [-0.0901, -0.1128, -0.2706],
         [-0.0034,  0.2400,  0.1991]],

        [[-0.1600, -0.0863, -0.1008],
         [ 0.0054, -0.1109,  0.0819],
         [ 0.1269,  0.0298,  0.0236],
         [-0.2889, -0.1079, -0.3287]],

        [[-0.1192, -0.0616, -0.1518],
         [ 0.1148, -0.0317,  0.0931],
         [-0.1480, -0.1895, -0.1894],
         [-0.0259,  0.0659, -0.2529]],

        [[ 0.1008, -0.0078,  0.1532],
         [ 0.0766,  0.3045,  0.2013],
         [ 0.2006, -0.0955,  0.1700],
         [ 0.0752, -0.0880,  0.0988]],

        [[ 0.3379,  0.1904, -0.0068],
         [-0.3612, -0.1779, -0.0502],
         [ 0.4168,  0.1824,  0.2206],
         [-0.1563, -0.1857, -0.1637]],

        [[ 0.0938, -0.0278,  0.0703],
         [ 0.0073,  0.0357,  0.0186],
         [-0.0153,  0.0100, -0.0300],
         [-0.0738, -0.0714, -0.1378]]], requires_grad=True)]
---------------------------all_bias-------------------------------
[tensor([0.1070], requires_grad=True), tensor([0.0929], requires_grad=True)]
---------------------------all_param-------------------------------
([tensor([[[-3.3486e-04, -1.8624e-01,  3.1797e-02],
         [ 7.3670e-02,  1.5461e-02,  1.8932e-01],
         [-5.1506e-02, -9.3784e-02,  6.4211e-05],
         [-1.8831e-01, -3.6112e-02, -2.4418e-02]],

        [[ 1.3832e-01, -1.0842e-01,  2.2627e-01],
         [ 1.2854e-01, -1.5564e-01, -1.9916e-02],
         [ 6.5535e-02,  1.1196e-01,  8.0532e-02],
         [ 1.8093e-02,  6.9143e-02,  3.4835e-01]],

        [[ 1.9951e-01,  1.7647e-02,  1.0822e-01],
         [-5.0984e-02,  2.5797e-01,  1.9169e-01],
         [ 1.7250e-01, -2.3983e-01,  2.6479e-02],
         [ 1.3153e-01, -1.2993e-01,  1.6004e-01]],

        [[ 1.3977e-01, -1.6091e-02,  1.5397e-01],
         [ 6.1646e-02, -5.1160e-02,  1.0018e-01],
         [-6.3314e-02, -2.8903e-02,  4.1608e-02],
         [ 3.4561e-01, -1.2395e-01, -6.2144e-02]],

        [[ 1.1988e-01,  1.3280e-01,  2.5632e-01],
         [ 6.9952e-02,  4.6576e-02,  8.0925e-02],
         [ 9.6634e-02, -2.3753e-01,  1.8747e-01],
         [ 2.9372e-01,  2.4887e-01,  1.6908e-01]],

        [[-1.0924e-01, -3.5083e-02, -1.0623e-01],
         [ 7.9944e-02,  8.0208e-02, -7.4468e-02],
         [-8.1473e-02,  7.9903e-02, -7.4464e-02],
         [-3.2754e-02,  2.7772e-02,  6.1629e-02]]], requires_grad=True), tensor([[[-0.0191, -0.1666,  0.1089],
         [-0.0144,  0.2344,  0.0756],
         [-0.0901, -0.1128, -0.2706],
         [-0.0034,  0.2400,  0.1991]],

        [[-0.1600, -0.0863, -0.1008],
         [ 0.0054, -0.1109,  0.0819],
         [ 0.1269,  0.0298,  0.0236],
         [-0.2889, -0.1079, -0.3287]],

        [[-0.1192, -0.0616, -0.1518],
         [ 0.1148, -0.0317,  0.0931],
         [-0.1480, -0.1895, -0.1894],
         [-0.0259,  0.0659, -0.2529]],

        [[ 0.1008, -0.0078,  0.1532],
         [ 0.0766,  0.3045,  0.2013],
         [ 0.2006, -0.0955,  0.1700],
         [ 0.0752, -0.0880,  0.0988]],

        [[ 0.3379,  0.1904, -0.0068],
         [-0.3612, -0.1779, -0.0502],
         [ 0.4168,  0.1824,  0.2206],
         [-0.1563, -0.1857, -0.1637]],

        [[ 0.0938, -0.0278,  0.0703],
         [ 0.0073,  0.0357,  0.0186],
         [-0.0153,  0.0100, -0.0300],
         [-0.0738, -0.0714, -0.1378]]], requires_grad=True)], [tensor([0.1070], requires_grad=True), tensor([0.0929], requires_grad=True)])
--------------------------all_weights-----------------------------
[tensor([[[-0.1096, -0.1523, -0.0541],
         [ 0.1146,  0.0995,  0.2393],
         [-0.0867,  0.0322, -0.0342],
         [-0.2130,  0.0555, -0.0510]],

        [[ 0.0968,  0.0030,  0.1737],
         [ 0.1687, -0.1805,  0.0090],
         [ 0.1355,  0.1302,  0.1658],
         [-0.0899,  0.1601,  0.2246]],

        [[ 0.2808, -0.0617,  0.1876],
         [-0.1161,  0.1585,  0.1511],
         [ 0.3086, -0.2629,  0.1976],
         [ 0.0901, -0.1294,  0.1210]],

        [[ 0.2022,  0.0353,  0.2170],
         [ 0.1669, -0.0557,  0.2087],
         [-0.0601,  0.0160,  0.0448],
         [ 0.3355, -0.0849, -0.0873]],

        [[ 0.0883,  0.2255,  0.0869],
         [ 0.0716,  0.2095,  0.1873],
         [ 0.1930, -0.0964,  0.2626],
         [ 0.2766,  0.2340,  0.0908]],

        [[-0.1179, -0.0278, -0.1147],
         [ 0.2067,  0.1365, -0.0760],
         [ 0.0146,  0.1419, -0.0761],
         [ 0.0969,  0.1401,  0.0662]]], requires_grad=True), tensor([[[ 4.3943e-02, -1.2522e-01,  2.1164e-01],
         [ 2.8628e-02,  2.4771e-01,  7.4596e-02],
         [-6.3643e-02, -2.3761e-01, -2.1794e-01],
         [ 1.0809e-01,  2.2144e-01,  3.2824e-01]],

        [[-4.2510e-02, -1.2489e-01,  4.8788e-03],
         [ 4.7996e-02, -1.8988e-02,  1.2901e-01],
         [ 1.0142e-01,  2.0313e-02, -4.2107e-03],
         [-1.4764e-01, -2.8537e-02, -1.7644e-01]],

        [[-1.1758e-01,  2.5307e-02, -1.8229e-01],
         [ 4.7105e-02,  2.1737e-04,  2.6419e-02],
         [-1.8074e-01, -1.5927e-01, -2.5815e-01],
         [ 6.6251e-02,  5.7588e-02, -1.5372e-01]],

        [[ 1.3818e-01,  9.3137e-02,  1.9599e-01],
         [ 2.9123e-02,  2.6426e-01,  1.9538e-01],
         [ 1.6588e-01, -5.6305e-02,  1.4442e-01],
         [ 1.3339e-01, -2.6557e-02,  1.5878e-01]],

        [[ 3.5499e-01,  1.9340e-01, -3.2116e-02],
         [-2.0454e-01, -1.8867e-01, -1.8382e-01],
         [ 4.7037e-01,  2.3186e-01,  3.0783e-01],
         [-2.8300e-01, -7.5247e-02, -2.2668e-01]],

        [[ 9.7944e-02, -3.1522e-02,  7.4147e-02],
         [ 1.7428e-02,  8.8962e-02,  1.4068e-02],
         [ 4.3122e-02,  1.0068e-01, -3.1855e-02],
         [ 2.9122e-02, -1.7679e-01, -1.4077e-01]]], requires_grad=True)]
---------------------------all_bias-------------------------------
[tensor([0.1345], requires_grad=True), tensor([0.0654], requires_grad=True)]
---------------------------all_param-------------------------------
([tensor([[[-0.1096, -0.1523, -0.0541],
         [ 0.1146,  0.0995,  0.2393],
         [-0.0867,  0.0322, -0.0342],
         [-0.2130,  0.0555, -0.0510]],

        [[ 0.0968,  0.0030,  0.1737],
         [ 0.1687, -0.1805,  0.0090],
         [ 0.1355,  0.1302,  0.1658],
         [-0.0899,  0.1601,  0.2246]],

        [[ 0.2808, -0.0617,  0.1876],
         [-0.1161,  0.1585,  0.1511],
         [ 0.3086, -0.2629,  0.1976],
         [ 0.0901, -0.1294,  0.1210]],

        [[ 0.2022,  0.0353,  0.2170],
         [ 0.1669, -0.0557,  0.2087],
         [-0.0601,  0.0160,  0.0448],
         [ 0.3355, -0.0849, -0.0873]],

        [[ 0.0883,  0.2255,  0.0869],
         [ 0.0716,  0.2095,  0.1873],
         [ 0.1930, -0.0964,  0.2626],
         [ 0.2766,  0.2340,  0.0908]],

        [[-0.1179, -0.0278, -0.1147],
         [ 0.2067,  0.1365, -0.0760],
         [ 0.0146,  0.1419, -0.0761],
         [ 0.0969,  0.1401,  0.0662]]], requires_grad=True), tensor([[[ 4.3943e-02, -1.2522e-01,  2.1164e-01],
         [ 2.8628e-02,  2.4771e-01,  7.4596e-02],
         [-6.3643e-02, -2.3761e-01, -2.1794e-01],
         [ 1.0809e-01,  2.2144e-01,  3.2824e-01]],

        [[-4.2510e-02, -1.2489e-01,  4.8788e-03],
         [ 4.7996e-02, -1.8988e-02,  1.2901e-01],
         [ 1.0142e-01,  2.0313e-02, -4.2107e-03],
         [-1.4764e-01, -2.8537e-02, -1.7644e-01]],

        [[-1.1758e-01,  2.5307e-02, -1.8229e-01],
         [ 4.7105e-02,  2.1737e-04,  2.6419e-02],
         [-1.8074e-01, -1.5927e-01, -2.5815e-01],
         [ 6.6251e-02,  5.7588e-02, -1.5372e-01]],

        [[ 1.3818e-01,  9.3137e-02,  1.9599e-01],
         [ 2.9123e-02,  2.6426e-01,  1.9538e-01],
         [ 1.6588e-01, -5.6305e-02,  1.4442e-01],
         [ 1.3339e-01, -2.6557e-02,  1.5878e-01]],

        [[ 3.5499e-01,  1.9340e-01, -3.2116e-02],
         [-2.0454e-01, -1.8867e-01, -1.8382e-01],
         [ 4.7037e-01,  2.3186e-01,  3.0783e-01],
         [-2.8300e-01, -7.5247e-02, -2.2668e-01]],

        [[ 9.7944e-02, -3.1522e-02,  7.4147e-02],
         [ 1.7428e-02,  8.8962e-02,  1.4068e-02],
         [ 4.3122e-02,  1.0068e-01, -3.1855e-02],
         [ 2.9122e-02, -1.7679e-01, -1.4077e-01]]], requires_grad=True)], [tensor([0.1345], requires_grad=True), tensor([0.0654], requires_grad=True)])
--------------------------all_weights-----------------------------
[tensor([[[-0.0270, -0.1783,  0.0126],
         [ 0.0369,  0.0324,  0.1569],
         [-0.0094, -0.1725,  0.0255],
         [-0.1809, -0.0854, -0.0252]],

        [[ 0.1756, -0.0902,  0.2672],
         [ 0.1077, -0.0638, -0.0593],
         [ 0.1172,  0.1270,  0.1331],
         [ 0.0578,  0.0533,  0.3941]],

        [[ 0.2539,  0.0095,  0.1619],
         [-0.0486,  0.2547,  0.2291],
         [ 0.2039, -0.1428,  0.0486],
         [ 0.1833, -0.0765,  0.2126]],

        [[ 0.1488,  0.0207,  0.1610],
         [ 0.1864,  0.0122,  0.2270],
         [-0.0345,  0.0477,  0.0693],
         [ 0.4031, -0.0508, -0.0228]],

        [[ 0.1669,  0.1795,  0.1656],
         [ 0.1305,  0.0926,  0.0929],
         [ 0.1792, -0.2387,  0.2715],
         [ 0.2828,  0.1847,  0.2958]],

        [[-0.1121, -0.0057, -0.1086],
         [ 0.1643,  0.1387, -0.0751],
         [-0.0263,  0.0292, -0.0761],
         [ 0.0267,  0.0254,  0.0639]]], requires_grad=True), tensor([[[-0.0394, -0.1615,  0.2415],
         [ 0.0019,  0.2281,  0.0483],
         [-0.1166, -0.0394, -0.2662],
         [-0.0543,  0.2647,  0.1205]],

        [[-0.2115, -0.0422, -0.1362],
         [-0.0255, -0.0436,  0.0493],
         [ 0.1461,  0.0387,  0.0251],
         [-0.3245, -0.1337, -0.3469]],

        [[-0.1673, -0.1752, -0.2257],
         [ 0.0621, -0.0702,  0.0446],
         [-0.2273, -0.1752, -0.2496],
         [-0.0662,  0.0395, -0.3053]],

        [[ 0.1305,  0.0958,  0.1787],
         [ 0.0670,  0.2904,  0.2101],
         [ 0.1587, -0.1279,  0.1407],
         [ 0.0228, -0.1376,  0.0102]],

        [[ 0.3202,  0.2687, -0.0763],
         [-0.3887, -0.2331,  0.0440],
         [ 0.3514,  0.1097,  0.1942],
         [-0.0345, -0.1820, -0.1270]],

        [[ 0.0968, -0.0378,  0.0730],
         [ 0.1032,  0.1507,  0.0183],
         [ 0.0248,  0.0020, -0.0322],
         [-0.0406, -0.0940, -0.1369]]], requires_grad=True)]
---------------------------all_bias-------------------------------
[tensor([0.1037], requires_grad=True), tensor([0.0962], requires_grad=True)]
---------------------------all_param-------------------------------
([tensor([[[-0.0270, -0.1783,  0.0126],
         [ 0.0369,  0.0324,  0.1569],
         [-0.0094, -0.1725,  0.0255],
         [-0.1809, -0.0854, -0.0252]],

        [[ 0.1756, -0.0902,  0.2672],
         [ 0.1077, -0.0638, -0.0593],
         [ 0.1172,  0.1270,  0.1331],
         [ 0.0578,  0.0533,  0.3941]],

        [[ 0.2539,  0.0095,  0.1619],
         [-0.0486,  0.2547,  0.2291],
         [ 0.2039, -0.1428,  0.0486],
         [ 0.1833, -0.0765,  0.2126]],

        [[ 0.1488,  0.0207,  0.1610],
         [ 0.1864,  0.0122,  0.2270],
         [-0.0345,  0.0477,  0.0693],
         [ 0.4031, -0.0508, -0.0228]],

        [[ 0.1669,  0.1795,  0.1656],
         [ 0.1305,  0.0926,  0.0929],
         [ 0.1792, -0.2387,  0.2715],
         [ 0.2828,  0.1847,  0.2958]],

        [[-0.1121, -0.0057, -0.1086],
         [ 0.1643,  0.1387, -0.0751],
         [-0.0263,  0.0292, -0.0761],
         [ 0.0267,  0.0254,  0.0639]]], requires_grad=True), tensor([[[-0.0394, -0.1615,  0.2415],
         [ 0.0019,  0.2281,  0.0483],
         [-0.1166, -0.0394, -0.2662],
         [-0.0543,  0.2647,  0.1205]],

        [[-0.2115, -0.0422, -0.1362],
         [-0.0255, -0.0436,  0.0493],
         [ 0.1461,  0.0387,  0.0251],
         [-0.3245, -0.1337, -0.3469]],

        [[-0.1673, -0.1752, -0.2257],
         [ 0.0621, -0.0702,  0.0446],
         [-0.2273, -0.1752, -0.2496],
         [-0.0662,  0.0395, -0.3053]],

        [[ 0.1305,  0.0958,  0.1787],
         [ 0.0670,  0.2904,  0.2101],
         [ 0.1587, -0.1279,  0.1407],
         [ 0.0228, -0.1376,  0.0102]],

        [[ 0.3202,  0.2687, -0.0763],
         [-0.3887, -0.2331,  0.0440],
         [ 0.3514,  0.1097,  0.1942],
         [-0.0345, -0.1820, -0.1270]],

        [[ 0.0968, -0.0378,  0.0730],
         [ 0.1032,  0.1507,  0.0183],
         [ 0.0248,  0.0020, -0.0322],
         [-0.0406, -0.0940, -0.1369]]], requires_grad=True)], [tensor([0.1037], requires_grad=True), tensor([0.0962], requires_grad=True)])
--------------------------all_weights-----------------------------
[tensor([[[-0.0373, -0.1610,  0.0299],
         [ 0.0619,  0.1111,  0.1834],
         [-0.0528, -0.0667, -0.0058],
         [-0.1944, -0.0643, -0.0336]],

        [[ 0.0913, -0.1287,  0.1865],
         [ 0.1193, -0.1541, -0.0323],
         [ 0.1094,  0.1094,  0.1315],
         [-0.0385,  0.1335,  0.2870]],

        [[ 0.2350,  0.0251,  0.1426],
         [-0.0630,  0.2716,  0.2117],
         [ 0.2218, -0.1870,  0.0762],
         [ 0.1322, -0.0867,  0.1560]],

        [[ 0.1800,  0.0075,  0.1938],
         [ 0.1110, -0.0385,  0.1487],
         [-0.0272, -0.0339,  0.0790],
         [ 0.3905, -0.0743, -0.0349]],

        [[ 0.1454,  0.2101,  0.2055],
         [ 0.0945,  0.0981,  0.1002],
         [ 0.1414, -0.2349,  0.2290],
         [ 0.3365,  0.2653,  0.1640]],

        [[-0.1105, -0.0339, -0.1073],
         [ 0.1224,  0.0883, -0.0738],
         [-0.0728,  0.1178, -0.0749],
         [ 0.0043,  0.0339,  0.0624]]], requires_grad=True), tensor([[[-0.0190, -0.1548,  0.1761],
         [ 0.0374,  0.1991,  0.0766],
         [-0.0786, -0.1609, -0.2398],
         [ 0.0222,  0.2237,  0.2372]],

        [[-0.1386, -0.0815, -0.0788],
         [ 0.0112, -0.0662,  0.0909],
         [ 0.1306,  0.0474,  0.0269],
         [-0.2569, -0.1290, -0.2915]],

        [[-0.1235, -0.1074, -0.1363],
         [ 0.1619, -0.0519,  0.1458],
         [-0.1801, -0.1908, -0.2435],
         [-0.0087,  0.0436, -0.2342]],

        [[ 0.1471, -0.0024,  0.2000],
         [ 0.0709,  0.3041,  0.2125],
         [ 0.1927, -0.1271,  0.1696],
         [ 0.0500, -0.1277,  0.0847]],

        [[ 0.3447,  0.2237, -0.0149],
         [-0.3413, -0.2393, -0.0652],
         [ 0.4137,  0.2061,  0.2331],
         [-0.1400, -0.1963, -0.0913]],

        [[ 0.0955, -0.0363,  0.0716],
         [ 0.0691,  0.0907,  0.0187],
         [ 0.0195,  0.0477, -0.0315],
         [-0.0896, -0.0701, -0.1381]]], requires_grad=True)]
---------------------------all_bias-------------------------------
[tensor([0.1266], requires_grad=True), tensor([0.0733], requires_grad=True)]
---------------------------all_param-------------------------------
([tensor([[[-0.0373, -0.1610,  0.0299],
         [ 0.0619,  0.1111,  0.1834],
         [-0.0528, -0.0667, -0.0058],
         [-0.1944, -0.0643, -0.0336]],

        [[ 0.0913, -0.1287,  0.1865],
         [ 0.1193, -0.1541, -0.0323],
         [ 0.1094,  0.1094,  0.1315],
         [-0.0385,  0.1335,  0.2870]],

        [[ 0.2350,  0.0251,  0.1426],
         [-0.0630,  0.2716,  0.2117],
         [ 0.2218, -0.1870,  0.0762],
         [ 0.1322, -0.0867,  0.1560]],

        [[ 0.1800,  0.0075,  0.1938],
         [ 0.1110, -0.0385,  0.1487],
         [-0.0272, -0.0339,  0.0790],
         [ 0.3905, -0.0743, -0.0349]],

        [[ 0.1454,  0.2101,  0.2055],
         [ 0.0945,  0.0981,  0.1002],
         [ 0.1414, -0.2349,  0.2290],
         [ 0.3365,  0.2653,  0.1640]],

        [[-0.1105, -0.0339, -0.1073],
         [ 0.1224,  0.0883, -0.0738],
         [-0.0728,  0.1178, -0.0749],
         [ 0.0043,  0.0339,  0.0624]]], requires_grad=True), tensor([[[-0.0190, -0.1548,  0.1761],
         [ 0.0374,  0.1991,  0.0766],
         [-0.0786, -0.1609, -0.2398],
         [ 0.0222,  0.2237,  0.2372]],

        [[-0.1386, -0.0815, -0.0788],
         [ 0.0112, -0.0662,  0.0909],
         [ 0.1306,  0.0474,  0.0269],
         [-0.2569, -0.1290, -0.2915]],

        [[-0.1235, -0.1074, -0.1363],
         [ 0.1619, -0.0519,  0.1458],
         [-0.1801, -0.1908, -0.2435],
         [-0.0087,  0.0436, -0.2342]],

        [[ 0.1471, -0.0024,  0.2000],
         [ 0.0709,  0.3041,  0.2125],
         [ 0.1927, -0.1271,  0.1696],
         [ 0.0500, -0.1277,  0.0847]],

        [[ 0.3447,  0.2237, -0.0149],
         [-0.3413, -0.2393, -0.0652],
         [ 0.4137,  0.2061,  0.2331],
         [-0.1400, -0.1963, -0.0913]],

        [[ 0.0955, -0.0363,  0.0716],
         [ 0.0691,  0.0907,  0.0187],
         [ 0.0195,  0.0477, -0.0315],
         [-0.0896, -0.0701, -0.1381]]], requires_grad=True)], [tensor([0.1266], requires_grad=True), tensor([0.0733], requires_grad=True)])
--------------------------all_weights-----------------------------
[tensor([[[ 0.0301, -0.1729,  0.0487],
         [ 0.0983,  0.0243,  0.2159],
         [-0.0607, -0.0696, -0.0061],
         [-0.2078, -0.0463, -0.0463]],

        [[ 0.1510, -0.1673,  0.2478],
         [ 0.1627, -0.1677,  0.0103],
         [ 0.0752,  0.1330,  0.0966],
         [ 0.0313,  0.1205,  0.3462]],

        [[ 0.2272,  0.0164,  0.1375],
         [-0.0814,  0.2657,  0.1779],
         [ 0.1850, -0.2282,  0.0384],
         [ 0.1275, -0.1191,  0.1557]],

        [[ 0.1691, -0.0082,  0.1827],
         [ 0.0605, -0.0711,  0.0954],
         [-0.0711, -0.0302,  0.0353],
         [ 0.3861, -0.1194, -0.0299]],

        [[ 0.1537,  0.1662,  0.2247],
         [ 0.0816,  0.0644,  0.1074],
         [ 0.1132, -0.2461,  0.2027],
         [ 0.3092,  0.3117,  0.1056]],

        [[-0.1075, -0.0244, -0.1042],
         [ 0.0998,  0.1129, -0.0737],
         [-0.0613,  0.1015, -0.0739],
         [ 0.0056,  0.0293,  0.0624]]], requires_grad=True), tensor([[[-0.0450, -0.1817,  0.0337],
         [ 0.0090,  0.2207,  0.0651],
         [-0.0976, -0.1198, -0.2738],
         [ 0.0502,  0.2438,  0.2722]],

        [[-0.1701, -0.0715, -0.1127],
         [ 0.0019, -0.0793,  0.0793],
         [ 0.1484,  0.0214,  0.0461],
         [-0.2894, -0.0954, -0.3354]],

        [[-0.0915, -0.0402, -0.1348],
         [ 0.1505, -0.0169,  0.0915],
         [-0.1445, -0.1781, -0.2045],
         [-0.0602,  0.0652, -0.2850]],

        [[ 0.1233,  0.0301,  0.1768],
         [ 0.0935,  0.2811,  0.2262],
         [ 0.1975, -0.0997,  0.1693],
         [ 0.0947, -0.0892,  0.1147]],

        [[ 0.3140,  0.1982, -0.0347],
         [-0.3370, -0.2271, -0.0772],
         [ 0.4730,  0.1892,  0.2876],
         [-0.2055, -0.1963, -0.1879]],

        [[ 0.0982, -0.0466,  0.0743],
         [ 0.0497,  0.0524,  0.0207],
         [ 0.0121,  0.0252, -0.0316],
         [-0.0304, -0.0947, -0.1363]]], requires_grad=True)]
---------------------------all_bias-------------------------------
[tensor([0.1064], requires_grad=True), tensor([0.0935], requires_grad=True)]
---------------------------all_param-------------------------------
([tensor([[[ 0.0301, -0.1729,  0.0487],
         [ 0.0983,  0.0243,  0.2159],
         [-0.0607, -0.0696, -0.0061],
         [-0.2078, -0.0463, -0.0463]],

        [[ 0.1510, -0.1673,  0.2478],
         [ 0.1627, -0.1677,  0.0103],
         [ 0.0752,  0.1330,  0.0966],
         [ 0.0313,  0.1205,  0.3462]],

        [[ 0.2272,  0.0164,  0.1375],
         [-0.0814,  0.2657,  0.1779],
         [ 0.1850, -0.2282,  0.0384],
         [ 0.1275, -0.1191,  0.1557]],

        [[ 0.1691, -0.0082,  0.1827],
         [ 0.0605, -0.0711,  0.0954],
         [-0.0711, -0.0302,  0.0353],
         [ 0.3861, -0.1194, -0.0299]],

        [[ 0.1537,  0.1662,  0.2247],
         [ 0.0816,  0.0644,  0.1074],
         [ 0.1132, -0.2461,  0.2027],
         [ 0.3092,  0.3117,  0.1056]],

        [[-0.1075, -0.0244, -0.1042],
         [ 0.0998,  0.1129, -0.0737],
         [-0.0613,  0.1015, -0.0739],
         [ 0.0056,  0.0293,  0.0624]]], requires_grad=True), tensor([[[-0.0450, -0.1817,  0.0337],
         [ 0.0090,  0.2207,  0.0651],
         [-0.0976, -0.1198, -0.2738],
         [ 0.0502,  0.2438,  0.2722]],

        [[-0.1701, -0.0715, -0.1127],
         [ 0.0019, -0.0793,  0.0793],
         [ 0.1484,  0.0214,  0.0461],
         [-0.2894, -0.0954, -0.3354]],

        [[-0.0915, -0.0402, -0.1348],
         [ 0.1505, -0.0169,  0.0915],
         [-0.1445, -0.1781, -0.2045],
         [-0.0602,  0.0652, -0.2850]],

        [[ 0.1233,  0.0301,  0.1768],
         [ 0.0935,  0.2811,  0.2262],
         [ 0.1975, -0.0997,  0.1693],
         [ 0.0947, -0.0892,  0.1147]],

        [[ 0.3140,  0.1982, -0.0347],
         [-0.3370, -0.2271, -0.0772],
         [ 0.4730,  0.1892,  0.2876],
         [-0.2055, -0.1963, -0.1879]],

        [[ 0.0982, -0.0466,  0.0743],
         [ 0.0497,  0.0524,  0.0207],
         [ 0.0121,  0.0252, -0.0316],
         [-0.0304, -0.0947, -0.1363]]], requires_grad=True)], [tensor([0.1064], requires_grad=True), tensor([0.0935], requires_grad=True)])
--------------------------all_weights-----------------------------
[tensor([[[-0.0451, -0.1379,  0.0010],
         [ 0.0882,  0.1006,  0.2131],
         [-0.0808,  0.0402, -0.0330],
         [-0.2393,  0.0148, -0.0791]],

        [[ 0.0868, -0.0391,  0.1715],
         [ 0.1478, -0.1493, -0.0192],
         [ 0.1374,  0.1298,  0.1658],
         [-0.1070,  0.1989,  0.1983]],

        [[ 0.3491, -0.0268,  0.2567],
         [-0.1071,  0.1814,  0.1738],
         [ 0.3640, -0.2401,  0.1972],
         [ 0.0956, -0.1262,  0.1262]],

        [[ 0.1787,  0.0649,  0.1938],
         [ 0.1382, -0.0365,  0.1775],
         [-0.0306,  0.0508,  0.0753],
         [ 0.3606, -0.0655, -0.0606]],

        [[ 0.0960,  0.2604,  0.1213],
         [ 0.0835,  0.2069,  0.1940],
         [ 0.1732, -0.1439,  0.2581],
         [ 0.3004,  0.2569,  0.0869]],

        [[-0.1072, -0.0211, -0.1040],
         [ 0.2248,  0.1471, -0.0717],
         [ 0.0607,  0.1697, -0.0760],
         [ 0.0599,  0.1604,  0.0645]]], requires_grad=True), tensor([[[ 0.0484, -0.1360,  0.2202],
         [-0.0426,  0.2383, -0.0138],
         [-0.0539, -0.2233, -0.2295],
         [ 0.0689,  0.2239,  0.2997]],

        [[-0.0717, -0.0993, -0.0171],
         [-0.0670, -0.0026,  0.0140],
         [ 0.1163,  0.0306,  0.0087],
         [-0.1778, -0.0495, -0.2159]],

        [[-0.0539,  0.0575, -0.1091],
         [ 0.0747, -0.0176,  0.0543],
         [-0.1580, -0.1470, -0.2604],
         [ 0.0335,  0.0302, -0.1916]],

        [[ 0.1051,  0.0855,  0.1582],
         [ 0.0476,  0.2894,  0.2050],
         [ 0.1838, -0.0692,  0.1681],
         [ 0.1080, -0.0138,  0.1248]],

        [[ 0.3498,  0.2452, -0.0691],
         [-0.2343, -0.1980, -0.1885],
         [ 0.4738,  0.2099,  0.3017],
         [-0.3022, -0.1267, -0.2289]],

        [[ 0.0949, -0.0383,  0.0710],
         [ 0.0249,  0.1219,  0.0201],
         [ 0.1021,  0.1014, -0.0325],
         [ 0.0048, -0.1611, -0.1386]]], requires_grad=True)]
---------------------------all_bias-------------------------------
[tensor([0.1409], requires_grad=True), tensor([0.0590], requires_grad=True)]
---------------------------all_param-------------------------------
([tensor([[[-0.0451, -0.1379,  0.0010],
         [ 0.0882,  0.1006,  0.2131],
         [-0.0808,  0.0402, -0.0330],
         [-0.2393,  0.0148, -0.0791]],

        [[ 0.0868, -0.0391,  0.1715],
         [ 0.1478, -0.1493, -0.0192],
         [ 0.1374,  0.1298,  0.1658],
         [-0.1070,  0.1989,  0.1983]],

        [[ 0.3491, -0.0268,  0.2567],
         [-0.1071,  0.1814,  0.1738],
         [ 0.3640, -0.2401,  0.1972],
         [ 0.0956, -0.1262,  0.1262]],

        [[ 0.1787,  0.0649,  0.1938],
         [ 0.1382, -0.0365,  0.1775],
         [-0.0306,  0.0508,  0.0753],
         [ 0.3606, -0.0655, -0.0606]],

        [[ 0.0960,  0.2604,  0.1213],
         [ 0.0835,  0.2069,  0.1940],
         [ 0.1732, -0.1439,  0.2581],
         [ 0.3004,  0.2569,  0.0869]],

        [[-0.1072, -0.0211, -0.1040],
         [ 0.2248,  0.1471, -0.0717],
         [ 0.0607,  0.1697, -0.0760],
         [ 0.0599,  0.1604,  0.0645]]], requires_grad=True), tensor([[[ 0.0484, -0.1360,  0.2202],
         [-0.0426,  0.2383, -0.0138],
         [-0.0539, -0.2233, -0.2295],
         [ 0.0689,  0.2239,  0.2997]],

        [[-0.0717, -0.0993, -0.0171],
         [-0.0670, -0.0026,  0.0140],
         [ 0.1163,  0.0306,  0.0087],
         [-0.1778, -0.0495, -0.2159]],

        [[-0.0539,  0.0575, -0.1091],
         [ 0.0747, -0.0176,  0.0543],
         [-0.1580, -0.1470, -0.2604],
         [ 0.0335,  0.0302, -0.1916]],

        [[ 0.1051,  0.0855,  0.1582],
         [ 0.0476,  0.2894,  0.2050],
         [ 0.1838, -0.0692,  0.1681],
         [ 0.1080, -0.0138,  0.1248]],

        [[ 0.3498,  0.2452, -0.0691],
         [-0.2343, -0.1980, -0.1885],
         [ 0.4738,  0.2099,  0.3017],
         [-0.3022, -0.1267, -0.2289]],

        [[ 0.0949, -0.0383,  0.0710],
         [ 0.0249,  0.1219,  0.0201],
         [ 0.1021,  0.1014, -0.0325],
         [ 0.0048, -0.1611, -0.1386]]], requires_grad=True)], [tensor([0.1409], requires_grad=True), tensor([0.0590], requires_grad=True)])
--------------------------all_weights-----------------------------
[tensor([[[ 0.0018, -0.1583,  0.0353],
         [ 0.0463,  0.0114,  0.1667],
         [-0.0182, -0.1741,  0.0213],
         [-0.1721, -0.0687, -0.0353]],

        [[ 0.1669, -0.1105,  0.2593],
         [ 0.1116, -0.0264, -0.0501],
         [ 0.1321,  0.1279,  0.1514],
         [ 0.0723,  0.0985,  0.3995]],

        [[ 0.3053,  0.0027,  0.2142],
         [-0.0702,  0.2532,  0.2106],
         [ 0.2567, -0.1487,  0.1015],
         [ 0.1839, -0.0892,  0.2153]],

        [[ 0.1680,  0.0461,  0.1821],
         [ 0.2035,  0.0271,  0.2660],
         [-0.0344,  0.0643,  0.0688],
         [ 0.4225, -0.0300, -0.0020]],

        [[ 0.1590,  0.2101,  0.1774],
         [ 0.1337,  0.1016,  0.1226],
         [ 0.2286, -0.1878,  0.2935],
         [ 0.2908,  0.2065,  0.2512]],

        [[-0.1088, -0.0141, -0.1053],
         [ 0.2089,  0.1673, -0.0744],
         [-0.0096,  0.0643, -0.0748],
         [ 0.0278,  0.0412,  0.0615]]], requires_grad=True), tensor([[[-0.0123, -0.1575,  0.2204],
         [-0.0235,  0.2363,  0.0322],
         [-0.1264, -0.0454, -0.2788],
         [-0.0816,  0.2561,  0.1195]],

        [[-0.2052, -0.0318, -0.1295],
         [-0.0294, -0.0163,  0.0448],
         [ 0.1417,  0.0383,  0.0212],
         [-0.3273, -0.1306, -0.3558]],

        [[-0.1486, -0.1673, -0.1882],
         [ 0.0896, -0.0638,  0.0606],
         [-0.1943, -0.1776, -0.2367],
         [-0.0693,  0.0323, -0.3092]],

        [[ 0.1239,  0.1415,  0.1686],
         [ 0.0585,  0.2460,  0.2092],
         [ 0.1410, -0.1087,  0.1270],
         [ 0.0235, -0.1202,  0.0121]],

        [[ 0.3288,  0.2827, -0.0675],
         [-0.3691, -0.2006, -0.0016],
         [ 0.3677,  0.0803,  0.2099],
         [-0.0520, -0.1684, -0.1627]],

        [[ 0.0964, -0.0420,  0.0728],
         [ 0.0803,  0.1567,  0.0170],
         [-0.0333,  0.0197, -0.0321],
         [-0.0561, -0.1179, -0.1382]]], requires_grad=True)]
---------------------------all_bias-------------------------------
[tensor([0.1227], requires_grad=True), tensor([0.0772], requires_grad=True)]
---------------------------all_param-------------------------------
([tensor([[[ 0.0018, -0.1583,  0.0353],
         [ 0.0463,  0.0114,  0.1667],
         [-0.0182, -0.1741,  0.0213],
         [-0.1721, -0.0687, -0.0353]],

        [[ 0.1669, -0.1105,  0.2593],
         [ 0.1116, -0.0264, -0.0501],
         [ 0.1321,  0.1279,  0.1514],
         [ 0.0723,  0.0985,  0.3995]],

        [[ 0.3053,  0.0027,  0.2142],
         [-0.0702,  0.2532,  0.2106],
         [ 0.2567, -0.1487,  0.1015],
         [ 0.1839, -0.0892,  0.2153]],

        [[ 0.1680,  0.0461,  0.1821],
         [ 0.2035,  0.0271,  0.2660],
         [-0.0344,  0.0643,  0.0688],
         [ 0.4225, -0.0300, -0.0020]],

        [[ 0.1590,  0.2101,  0.1774],
         [ 0.1337,  0.1016,  0.1226],
         [ 0.2286, -0.1878,  0.2935],
         [ 0.2908,  0.2065,  0.2512]],

        [[-0.1088, -0.0141, -0.1053],
         [ 0.2089,  0.1673, -0.0744],
         [-0.0096,  0.0643, -0.0748],
         [ 0.0278,  0.0412,  0.0615]]], requires_grad=True), tensor([[[-0.0123, -0.1575,  0.2204],
         [-0.0235,  0.2363,  0.0322],
         [-0.1264, -0.0454, -0.2788],
         [-0.0816,  0.2561,  0.1195]],

        [[-0.2052, -0.0318, -0.1295],
         [-0.0294, -0.0163,  0.0448],
         [ 0.1417,  0.0383,  0.0212],
         [-0.3273, -0.1306, -0.3558]],

        [[-0.1486, -0.1673, -0.1882],
         [ 0.0896, -0.0638,  0.0606],
         [-0.1943, -0.1776, -0.2367],
         [-0.0693,  0.0323, -0.3092]],

        [[ 0.1239,  0.1415,  0.1686],
         [ 0.0585,  0.2460,  0.2092],
         [ 0.1410, -0.1087,  0.1270],
         [ 0.0235, -0.1202,  0.0121]],

        [[ 0.3288,  0.2827, -0.0675],
         [-0.3691, -0.2006, -0.0016],
         [ 0.3677,  0.0803,  0.2099],
         [-0.0520, -0.1684, -0.1627]],

        [[ 0.0964, -0.0420,  0.0728],
         [ 0.0803,  0.1567,  0.0170],
         [-0.0333,  0.0197, -0.0321],
         [-0.0561, -0.1179, -0.1382]]], requires_grad=True)], [tensor([0.1227], requires_grad=True), tensor([0.0772], requires_grad=True)])
--------------------------all_weights-----------------------------
[tensor([[[ 0.0168, -0.1567,  0.0537],
         [ 0.0694,  0.1428,  0.1928],
         [-0.0442, -0.0271,  0.0033],
         [-0.1946, -0.0547, -0.0354]],

        [[ 0.1042, -0.1739,  0.2021],
         [ 0.1346, -0.1686, -0.0204],
         [ 0.1123,  0.1207,  0.1380],
         [-0.0167,  0.1803,  0.2974]],

        [[ 0.2822,  0.0327,  0.1909],
         [-0.0877,  0.2899,  0.2080],
         [ 0.2370, -0.2011,  0.0942],
         [ 0.1467, -0.0993,  0.1744]],

        [[ 0.1690,  0.0193,  0.1824],
         [ 0.1233, -0.0366,  0.1599],
         [-0.0273, -0.0235,  0.0790],
         [ 0.4342, -0.0598,  0.0066]],

        [[ 0.1652,  0.2523,  0.2005],
         [ 0.1116,  0.1133,  0.1475],
         [ 0.1816, -0.2389,  0.2616],
         [ 0.3445,  0.3040,  0.1330]],

        [[-0.1085, -0.0234, -0.1052],
         [ 0.1674,  0.1189, -0.0731],
         [-0.0471,  0.1377, -0.0748],
         [ 0.0137,  0.0511,  0.0632]]], requires_grad=True), tensor([[[-0.0320, -0.1577,  0.1855],
         [ 0.0117,  0.1714,  0.0555],
         [-0.0766, -0.1849, -0.2440],
         [ 0.0253,  0.2284,  0.2454]],

        [[-0.1401, -0.0778, -0.0774],
         [-0.0076, -0.0542,  0.0721],
         [ 0.1491,  0.0418,  0.0458],
         [-0.2573, -0.1299, -0.2926]],

        [[-0.1042, -0.0878, -0.1222],
         [ 0.2022, -0.0486,  0.1805],
         [-0.1738, -0.1790, -0.2484],
         [-0.0024,  0.0384, -0.2260]],

        [[ 0.1391,  0.0160,  0.1931],
         [ 0.0841,  0.2863,  0.2334],
         [ 0.2036, -0.1227,  0.1851],
         [ 0.0580, -0.1189,  0.0757]],

        [[ 0.3636,  0.2402, -0.0336],
         [-0.3358, -0.2670, -0.1066],
         [ 0.4344,  0.1874,  0.2642],
         [-0.1712, -0.2032, -0.1249]],

        [[ 0.0968, -0.0279,  0.0728],
         [ 0.0458,  0.0989,  0.0175],
         [ 0.0542,  0.0643, -0.0317],
         [-0.0824, -0.0754, -0.1350]]], requires_grad=True)]
---------------------------all_bias-------------------------------
[tensor([0.1270], requires_grad=True), tensor([0.0729], requires_grad=True)]
---------------------------all_param-------------------------------
([tensor([[[ 0.0168, -0.1567,  0.0537],
         [ 0.0694,  0.1428,  0.1928],
         [-0.0442, -0.0271,  0.0033],
         [-0.1946, -0.0547, -0.0354]],

        [[ 0.1042, -0.1739,  0.2021],
         [ 0.1346, -0.1686, -0.0204],
         [ 0.1123,  0.1207,  0.1380],
         [-0.0167,  0.1803,  0.2974]],

        [[ 0.2822,  0.0327,  0.1909],
         [-0.0877,  0.2899,  0.2080],
         [ 0.2370, -0.2011,  0.0942],
         [ 0.1467, -0.0993,  0.1744]],

        [[ 0.1690,  0.0193,  0.1824],
         [ 0.1233, -0.0366,  0.1599],
         [-0.0273, -0.0235,  0.0790],
         [ 0.4342, -0.0598,  0.0066]],

        [[ 0.1652,  0.2523,  0.2005],
         [ 0.1116,  0.1133,  0.1475],
         [ 0.1816, -0.2389,  0.2616],
         [ 0.3445,  0.3040,  0.1330]],

        [[-0.1085, -0.0234, -0.1052],
         [ 0.1674,  0.1189, -0.0731],
         [-0.0471,  0.1377, -0.0748],
         [ 0.0137,  0.0511,  0.0632]]], requires_grad=True), tensor([[[-0.0320, -0.1577,  0.1855],
         [ 0.0117,  0.1714,  0.0555],
         [-0.0766, -0.1849, -0.2440],
         [ 0.0253,  0.2284,  0.2454]],

        [[-0.1401, -0.0778, -0.0774],
         [-0.0076, -0.0542,  0.0721],
         [ 0.1491,  0.0418,  0.0458],
         [-0.2573, -0.1299, -0.2926]],

        [[-0.1042, -0.0878, -0.1222],
         [ 0.2022, -0.0486,  0.1805],
         [-0.1738, -0.1790, -0.2484],
         [-0.0024,  0.0384, -0.2260]],

        [[ 0.1391,  0.0160,  0.1931],
         [ 0.0841,  0.2863,  0.2334],
         [ 0.2036, -0.1227,  0.1851],
         [ 0.0580, -0.1189,  0.0757]],

        [[ 0.3636,  0.2402, -0.0336],
         [-0.3358, -0.2670, -0.1066],
         [ 0.4344,  0.1874,  0.2642],
         [-0.1712, -0.2032, -0.1249]],

        [[ 0.0968, -0.0279,  0.0728],
         [ 0.0458,  0.0989,  0.0175],
         [ 0.0542,  0.0643, -0.0317],
         [-0.0824, -0.0754, -0.1350]]], requires_grad=True)], [tensor([0.1270], requires_grad=True), tensor([0.0729], requires_grad=True)])
--------------------------all_weights-----------------------------
[tensor([[[ 0.0419, -0.1630,  0.0468],
         [ 0.1264,  0.0913,  0.2452],
         [-0.0255, -0.0820,  0.0279],
         [-0.2039, -0.0545, -0.0447]],

        [[ 0.1607, -0.1827,  0.2540],
         [ 0.1885, -0.1695,  0.0344],
         [ 0.1004,  0.1431,  0.1268],
         [ 0.0356,  0.1517,  0.3470]],

        [[ 0.2757, -0.0029,  0.1840],
         [-0.0897,  0.2702,  0.1736],
         [ 0.2423, -0.2321,  0.1037],
         [ 0.1498, -0.1341,  0.1797]],

        [[ 0.1771,  0.0162,  0.1897],
         [ 0.0984, -0.0937,  0.1359],
         [-0.0666, -0.0204,  0.0401],
         [ 0.4271, -0.1539,  0.0025]],

        [[ 0.1807,  0.2118,  0.1929],
         [ 0.1240,  0.0642,  0.1745],
         [ 0.1623, -0.2312,  0.2444],
         [ 0.3017,  0.3282,  0.0778]],

        [[-0.1185, -0.0317, -0.1152],
         [ 0.1410,  0.1596, -0.0730],
         [-0.0350,  0.1165, -0.0738],
         [ 0.0386,  0.0421,  0.0624]]], requires_grad=True), tensor([[[-0.0397, -0.1796,  0.0369],
         [-0.0151,  0.2226,  0.0579],
         [-0.0953, -0.1158, -0.2780],
         [ 0.1224,  0.2490,  0.3338]],

        [[-0.1793, -0.0832, -0.1192],
         [-0.0007, -0.0788,  0.0766],
         [ 0.1612,  0.0131,  0.0558],
         [-0.2990, -0.0860, -0.3405]],

        [[-0.0943, -0.0362, -0.1016],
         [ 0.1728, -0.0106,  0.1138],
         [-0.1434, -0.1725, -0.2034],
         [-0.0432,  0.0619, -0.2664]],

        [[ 0.1211,  0.0493,  0.1752],
         [ 0.0979,  0.2682,  0.2392],
         [ 0.2072, -0.1063,  0.1800],
         [ 0.1227, -0.0862,  0.1682]],

        [[ 0.3325,  0.2245, -0.0466],
         [-0.3420, -0.2453, -0.0887],
         [ 0.5198,  0.1684,  0.3406],
         [-0.2234, -0.1892, -0.2159]],

        [[ 0.0987, -0.0379,  0.0751],
         [ 0.0301,  0.0634,  0.0162],
         [ 0.0094,  0.0482, -0.0316],
         [ 0.0123, -0.1314, -0.1400]]], requires_grad=True)]
---------------------------all_bias-------------------------------
[tensor([0.1116], requires_grad=True), tensor([0.0883], requires_grad=True)]
---------------------------all_param-------------------------------
([tensor([[[ 0.0419, -0.1630,  0.0468],
         [ 0.1264,  0.0913,  0.2452],
         [-0.0255, -0.0820,  0.0279],
         [-0.2039, -0.0545, -0.0447]],

        [[ 0.1607, -0.1827,  0.2540],
         [ 0.1885, -0.1695,  0.0344],
         [ 0.1004,  0.1431,  0.1268],
         [ 0.0356,  0.1517,  0.3470]],

        [[ 0.2757, -0.0029,  0.1840],
         [-0.0897,  0.2702,  0.1736],
         [ 0.2423, -0.2321,  0.1037],
         [ 0.1498, -0.1341,  0.1797]],

        [[ 0.1771,  0.0162,  0.1897],
         [ 0.0984, -0.0937,  0.1359],
         [-0.0666, -0.0204,  0.0401],
         [ 0.4271, -0.1539,  0.0025]],

        [[ 0.1807,  0.2118,  0.1929],
         [ 0.1240,  0.0642,  0.1745],
         [ 0.1623, -0.2312,  0.2444],
         [ 0.3017,  0.3282,  0.0778]],

        [[-0.1185, -0.0317, -0.1152],
         [ 0.1410,  0.1596, -0.0730],
         [-0.0350,  0.1165, -0.0738],
         [ 0.0386,  0.0421,  0.0624]]], requires_grad=True), tensor([[[-0.0397, -0.1796,  0.0369],
         [-0.0151,  0.2226,  0.0579],
         [-0.0953, -0.1158, -0.2780],
         [ 0.1224,  0.2490,  0.3338]],

        [[-0.1793, -0.0832, -0.1192],
         [-0.0007, -0.0788,  0.0766],
         [ 0.1612,  0.0131,  0.0558],
         [-0.2990, -0.0860, -0.3405]],

        [[-0.0943, -0.0362, -0.1016],
         [ 0.1728, -0.0106,  0.1138],
         [-0.1434, -0.1725, -0.2034],
         [-0.0432,  0.0619, -0.2664]],

        [[ 0.1211,  0.0493,  0.1752],
         [ 0.0979,  0.2682,  0.2392],
         [ 0.2072, -0.1063,  0.1800],
         [ 0.1227, -0.0862,  0.1682]],

        [[ 0.3325,  0.2245, -0.0466],
         [-0.3420, -0.2453, -0.0887],
         [ 0.5198,  0.1684,  0.3406],
         [-0.2234, -0.1892, -0.2159]],

        [[ 0.0987, -0.0379,  0.0751],
         [ 0.0301,  0.0634,  0.0162],
         [ 0.0094,  0.0482, -0.0316],
         [ 0.0123, -0.1314, -0.1400]]], requires_grad=True)], [tensor([0.1116], requires_grad=True), tensor([0.0883], requires_grad=True)])
--------------------------all_weights-----------------------------
[tensor([[[-0.0345, -0.1307, -0.0028],
         [ 0.1055,  0.1267,  0.2299],
         [-0.0633,  0.0175, -0.0169],
         [-0.3087, -0.0029, -0.1553]],

        [[ 0.1017, -0.0686,  0.1879],
         [ 0.1608, -0.1445, -0.0033],
         [ 0.1388,  0.1436,  0.1747],
         [-0.0860,  0.2373,  0.2122]],

        [[ 0.3405, -0.0169,  0.2479],
         [-0.1234,  0.1850,  0.1764],
         [ 0.3301, -0.2603,  0.1730],
         [ 0.0973, -0.1493,  0.1295]],

        [[ 0.1997,  0.0822,  0.2155],
         [ 0.1480, -0.0178,  0.1938],
         [-0.0155,  0.0398,  0.0873],
         [ 0.3750, -0.0500, -0.0465]],

        [[ 0.1423,  0.3232,  0.0990],
         [ 0.1013,  0.2161,  0.1965],
         [ 0.2043, -0.1280,  0.2811],
         [ 0.2922,  0.2615,  0.0463]],

        [[-0.1100, -0.0154, -0.1068],
         [ 0.2741,  0.1967, -0.0727],
         [ 0.0321,  0.1913, -0.0730],
         [ 0.0798,  0.1364,  0.0629]]], requires_grad=True), tensor([[[ 0.0606, -0.1384,  0.2451],
         [-0.0484,  0.2451,  0.0046],
         [-0.0611, -0.2224, -0.2600],
         [ 0.0553,  0.2492,  0.2854]],

        [[-0.1165, -0.1094, -0.0591],
         [-0.0303,  0.0263,  0.0478],
         [ 0.1228,  0.0262,  0.0161],
         [-0.2249, -0.0733, -0.2715]],

        [[-0.0860,  0.0585, -0.1183],
         [ 0.0919,  0.0060,  0.0615],
         [-0.1585, -0.1276, -0.2426],
         [ 0.0234,  0.0180, -0.1984]],

        [[ 0.1628,  0.1261,  0.2468],
         [ 0.0503,  0.2769,  0.2176],
         [ 0.1541, -0.0375,  0.1390],
         [ 0.1057,  0.0157,  0.1235]],

        [[ 0.4329,  0.2461, -0.1178],
         [-0.2898, -0.1852, -0.2036],
         [ 0.5103,  0.2161,  0.3400],
         [-0.3088, -0.1142, -0.3284]],

        [[ 0.0996, -0.0376,  0.0758],
         [ 0.0122,  0.1293,  0.0165],
         [ 0.0958,  0.1218, -0.0308],
         [ 0.0042, -0.1935, -0.1379]]], requires_grad=True)]
---------------------------all_bias-------------------------------
[tensor([0.1519], requires_grad=True), tensor([0.0480], requires_grad=True)]
---------------------------all_param-------------------------------
([tensor([[[-0.0345, -0.1307, -0.0028],
         [ 0.1055,  0.1267,  0.2299],
         [-0.0633,  0.0175, -0.0169],
         [-0.3087, -0.0029, -0.1553]],

        [[ 0.1017, -0.0686,  0.1879],
         [ 0.1608, -0.1445, -0.0033],
         [ 0.1388,  0.1436,  0.1747],
         [-0.0860,  0.2373,  0.2122]],

        [[ 0.3405, -0.0169,  0.2479],
         [-0.1234,  0.1850,  0.1764],
         [ 0.3301, -0.2603,  0.1730],
         [ 0.0973, -0.1493,  0.1295]],

        [[ 0.1997,  0.0822,  0.2155],
         [ 0.1480, -0.0178,  0.1938],
         [-0.0155,  0.0398,  0.0873],
         [ 0.3750, -0.0500, -0.0465]],

        [[ 0.1423,  0.3232,  0.0990],
         [ 0.1013,  0.2161,  0.1965],
         [ 0.2043, -0.1280,  0.2811],
         [ 0.2922,  0.2615,  0.0463]],

        [[-0.1100, -0.0154, -0.1068],
         [ 0.2741,  0.1967, -0.0727],
         [ 0.0321,  0.1913, -0.0730],
         [ 0.0798,  0.1364,  0.0629]]], requires_grad=True), tensor([[[ 0.0606, -0.1384,  0.2451],
         [-0.0484,  0.2451,  0.0046],
         [-0.0611, -0.2224, -0.2600],
         [ 0.0553,  0.2492,  0.2854]],

        [[-0.1165, -0.1094, -0.0591],
         [-0.0303,  0.0263,  0.0478],
         [ 0.1228,  0.0262,  0.0161],
         [-0.2249, -0.0733, -0.2715]],

        [[-0.0860,  0.0585, -0.1183],
         [ 0.0919,  0.0060,  0.0615],
         [-0.1585, -0.1276, -0.2426],
         [ 0.0234,  0.0180, -0.1984]],

        [[ 0.1628,  0.1261,  0.2468],
         [ 0.0503,  0.2769,  0.2176],
         [ 0.1541, -0.0375,  0.1390],
         [ 0.1057,  0.0157,  0.1235]],

        [[ 0.4329,  0.2461, -0.1178],
         [-0.2898, -0.1852, -0.2036],
         [ 0.5103,  0.2161,  0.3400],
         [-0.3088, -0.1142, -0.3284]],

        [[ 0.0996, -0.0376,  0.0758],
         [ 0.0122,  0.1293,  0.0165],
         [ 0.0958,  0.1218, -0.0308],
         [ 0.0042, -0.1935, -0.1379]]], requires_grad=True)], [tensor([0.1519], requires_grad=True), tensor([0.0480], requires_grad=True)])
--------------------------all_weights-----------------------------
[tensor([[[ 0.0514, -0.1643,  0.0648],
         [ 0.0503,  0.0232,  0.1703],
         [-0.0286, -0.1557,  0.0097],
         [-0.1779, -0.0872, -0.0276]],

        [[ 0.1287, -0.1329,  0.2109],
         [ 0.0968, -0.0044, -0.0656],
         [ 0.1161,  0.1524,  0.1306],
         [ 0.0217,  0.1208,  0.3513]],

        [[ 0.3413,  0.0060,  0.2511],
         [-0.0795,  0.2824,  0.1969],
         [ 0.1757, -0.1541,  0.0052],
         [ 0.2013, -0.0940,  0.2427]],

        [[ 0.1596,  0.0456,  0.1754],
         [ 0.1914,  0.0271,  0.2596],
         [-0.0488,  0.0815,  0.0560],
         [ 0.4252, -0.0403,  0.0094]],

        [[ 0.1508,  0.2292,  0.1732],
         [ 0.1383,  0.0973,  0.1312],
         [ 0.2313, -0.1985,  0.3088],
         [ 0.3056,  0.2292,  0.2237]],

        [[-0.1090, -0.0142, -0.1056],
         [ 0.2185,  0.1978, -0.0745],
         [ 0.0282,  0.0744, -0.0742],
         [ 0.0322,  0.0541,  0.0616]]], requires_grad=True), tensor([[[-0.0081, -0.1808,  0.1953],
         [-0.0326,  0.2510,  0.0247],
         [-0.1290, -0.0514, -0.2926],
         [-0.0801,  0.2671,  0.1145]],

        [[-0.1985, -0.0452, -0.1272],
         [-0.0339, -0.0143,  0.0392],
         [ 0.1779,  0.0230,  0.0533],
         [-0.3170, -0.1407, -0.3508]],

        [[-0.1079, -0.1452, -0.1420],
         [ 0.0943, -0.0647,  0.0663],
         [-0.1641, -0.1601, -0.2142],
         [-0.0666,  0.0331, -0.3128]],

        [[ 0.1405,  0.1644,  0.1582],
         [ 0.0829,  0.2433,  0.2306],
         [ 0.1223, -0.1001,  0.1121],
         [-0.0389, -0.1226, -0.0423]],

        [[ 0.3691,  0.3095, -0.0931],
         [-0.3570, -0.2378, -0.0163],
         [ 0.3328,  0.0788,  0.1951],
         [-0.0965, -0.1710, -0.2000]],

        [[ 0.0962, -0.0285,  0.0722],
         [ 0.0639,  0.1642,  0.0186],
         [-0.0249,  0.0352, -0.0320],
         [-0.0033, -0.1233, -0.1352]]], requires_grad=True)]
---------------------------all_bias-------------------------------
[tensor([0.1163], requires_grad=True), tensor([0.0836], requires_grad=True)]
---------------------------all_param-------------------------------
([tensor([[[ 0.0514, -0.1643,  0.0648],
         [ 0.0503,  0.0232,  0.1703],
         [-0.0286, -0.1557,  0.0097],
         [-0.1779, -0.0872, -0.0276]],

        [[ 0.1287, -0.1329,  0.2109],
         [ 0.0968, -0.0044, -0.0656],
         [ 0.1161,  0.1524,  0.1306],
         [ 0.0217,  0.1208,  0.3513]],

        [[ 0.3413,  0.0060,  0.2511],
         [-0.0795,  0.2824,  0.1969],
         [ 0.1757, -0.1541,  0.0052],
         [ 0.2013, -0.0940,  0.2427]],

        [[ 0.1596,  0.0456,  0.1754],
         [ 0.1914,  0.0271,  0.2596],
         [-0.0488,  0.0815,  0.0560],
         [ 0.4252, -0.0403,  0.0094]],

        [[ 0.1508,  0.2292,  0.1732],
         [ 0.1383,  0.0973,  0.1312],
         [ 0.2313, -0.1985,  0.3088],
         [ 0.3056,  0.2292,  0.2237]],

        [[-0.1090, -0.0142, -0.1056],
         [ 0.2185,  0.1978, -0.0745],
         [ 0.0282,  0.0744, -0.0742],
         [ 0.0322,  0.0541,  0.0616]]], requires_grad=True), tensor([[[-0.0081, -0.1808,  0.1953],
         [-0.0326,  0.2510,  0.0247],
         [-0.1290, -0.0514, -0.2926],
         [-0.0801,  0.2671,  0.1145]],

        [[-0.1985, -0.0452, -0.1272],
         [-0.0339, -0.0143,  0.0392],
         [ 0.1779,  0.0230,  0.0533],
         [-0.3170, -0.1407, -0.3508]],

        [[-0.1079, -0.1452, -0.1420],
         [ 0.0943, -0.0647,  0.0663],
         [-0.1641, -0.1601, -0.2142],
         [-0.0666,  0.0331, -0.3128]],

        [[ 0.1405,  0.1644,  0.1582],
         [ 0.0829,  0.2433,  0.2306],
         [ 0.1223, -0.1001,  0.1121],
         [-0.0389, -0.1226, -0.0423]],

        [[ 0.3691,  0.3095, -0.0931],
         [-0.3570, -0.2378, -0.0163],
         [ 0.3328,  0.0788,  0.1951],
         [-0.0965, -0.1710, -0.2000]],

        [[ 0.0962, -0.0285,  0.0722],
         [ 0.0639,  0.1642,  0.0186],
         [-0.0249,  0.0352, -0.0320],
         [-0.0033, -0.1233, -0.1352]]], requires_grad=True)], [tensor([0.1163], requires_grad=True), tensor([0.0836], requires_grad=True)])
--------------------------all_weights-----------------------------
[tensor([[[ 0.0442, -0.1520,  0.0594],
         [ 0.0739,  0.1325,  0.1980],
         [-0.0391, -0.0244,  0.0109],
         [-0.2001, -0.0571, -0.0461]],

        [[ 0.0906, -0.1955,  0.1945],
         [ 0.1381, -0.1524, -0.0179],
         [ 0.1025,  0.1268,  0.1296],
         [-0.0316,  0.2137,  0.2836]],

        [[ 0.2996,  0.0495,  0.2081],
         [-0.0921,  0.2892,  0.2076],
         [ 0.2531, -0.2092,  0.1060],
         [ 0.1443, -0.1075,  0.1714]],

        [[ 0.1744,  0.0297,  0.1868],
         [ 0.1160, -0.0256,  0.1581],
         [-0.0259, -0.0030,  0.0796],
         [ 0.4665, -0.0749,  0.0350]],

        [[ 0.1486,  0.2449,  0.1931],
         [ 0.1015,  0.1328,  0.1697],
         [ 0.2098, -0.2348,  0.2790],
         [ 0.3399,  0.3021,  0.1088]],

        [[-0.1107, -0.0143, -0.1075],
         [ 0.1869,  0.1393, -0.0744],
         [-0.0481,  0.1574, -0.0748],
         [ 0.0221,  0.0745,  0.0630]]], requires_grad=True), tensor([[[ 0.0164, -0.1656,  0.1913],
         [ 0.0118,  0.1854,  0.0486],
         [-0.0855, -0.1876, -0.2654],
         [ 0.0318,  0.2323,  0.2512]],

        [[-0.1475, -0.0748, -0.0832],
         [-0.0044, -0.0422,  0.0728],
         [ 0.1683,  0.0397,  0.0646],
         [-0.2645, -0.1451, -0.3029]],

        [[-0.1041, -0.0751, -0.1264],
         [ 0.2142, -0.0406,  0.1910],
         [-0.1836, -0.1758, -0.2609],
         [-0.0179,  0.0378, -0.2439]],

        [[ 0.1603,  0.0441,  0.2207],
         [ 0.0991,  0.2661,  0.2536],
         [ 0.2126, -0.1119,  0.1943],
         [ 0.0760, -0.1119,  0.0958]],

        [[ 0.3765,  0.2505, -0.0424],
         [-0.3408, -0.2694, -0.1216],
         [ 0.4573,  0.1839,  0.2868],
         [-0.1918, -0.2150, -0.1112]],

        [[ 0.0985, -0.0491,  0.0748],
         [ 0.0449,  0.0997,  0.0184],
         [ 0.0616,  0.0751, -0.0320],
         [-0.0761, -0.0759, -0.1360]]], requires_grad=True)]
---------------------------all_bias-------------------------------
[tensor([0.1298], requires_grad=True), tensor([0.0701], requires_grad=True)]
---------------------------all_param-------------------------------
([tensor([[[ 0.0442, -0.1520,  0.0594],
         [ 0.0739,  0.1325,  0.1980],
         [-0.0391, -0.0244,  0.0109],
         [-0.2001, -0.0571, -0.0461]],

        [[ 0.0906, -0.1955,  0.1945],
         [ 0.1381, -0.1524, -0.0179],
         [ 0.1025,  0.1268,  0.1296],
         [-0.0316,  0.2137,  0.2836]],

        [[ 0.2996,  0.0495,  0.2081],
         [-0.0921,  0.2892,  0.2076],
         [ 0.2531, -0.2092,  0.1060],
         [ 0.1443, -0.1075,  0.1714]],

        [[ 0.1744,  0.0297,  0.1868],
         [ 0.1160, -0.0256,  0.1581],
         [-0.0259, -0.0030,  0.0796],
         [ 0.4665, -0.0749,  0.0350]],

        [[ 0.1486,  0.2449,  0.1931],
         [ 0.1015,  0.1328,  0.1697],
         [ 0.2098, -0.2348,  0.2790],
         [ 0.3399,  0.3021,  0.1088]],

        [[-0.1107, -0.0143, -0.1075],
         [ 0.1869,  0.1393, -0.0744],
         [-0.0481,  0.1574, -0.0748],
         [ 0.0221,  0.0745,  0.0630]]], requires_grad=True), tensor([[[ 0.0164, -0.1656,  0.1913],
         [ 0.0118,  0.1854,  0.0486],
         [-0.0855, -0.1876, -0.2654],
         [ 0.0318,  0.2323,  0.2512]],

        [[-0.1475, -0.0748, -0.0832],
         [-0.0044, -0.0422,  0.0728],
         [ 0.1683,  0.0397,  0.0646],
         [-0.2645, -0.1451, -0.3029]],

        [[-0.1041, -0.0751, -0.1264],
         [ 0.2142, -0.0406,  0.1910],
         [-0.1836, -0.1758, -0.2609],
         [-0.0179,  0.0378, -0.2439]],

        [[ 0.1603,  0.0441,  0.2207],
         [ 0.0991,  0.2661,  0.2536],
         [ 0.2126, -0.1119,  0.1943],
         [ 0.0760, -0.1119,  0.0958]],

        [[ 0.3765,  0.2505, -0.0424],
         [-0.3408, -0.2694, -0.1216],
         [ 0.4573,  0.1839,  0.2868],
         [-0.1918, -0.2150, -0.1112]],

        [[ 0.0985, -0.0491,  0.0748],
         [ 0.0449,  0.0997,  0.0184],
         [ 0.0616,  0.0751, -0.0320],
         [-0.0761, -0.0759, -0.1360]]], requires_grad=True)], [tensor([0.1298], requires_grad=True), tensor([0.0701], requires_grad=True)])
--------------------------all_weights-----------------------------
[tensor([[[ 1.1822e-01, -1.5566e-01,  8.6485e-02],
         [ 1.1630e-01,  1.2091e-01,  2.3758e-01],
         [ 5.4604e-03, -7.7820e-02,  5.7625e-02],
         [-2.1179e-01, -5.3575e-02, -5.8444e-02]],

        [[ 1.5215e-01, -2.0240e-01,  2.4312e-01],
         [ 1.8015e-01, -1.8863e-01,  2.5242e-02],
         [ 9.9115e-02,  1.5030e-01,  1.2796e-01],
         [ 2.5775e-02,  1.8392e-01,  3.1896e-01]],

        [[ 2.9712e-01,  7.8635e-04,  2.0533e-01],
         [-1.0402e-01,  2.8433e-01,  1.7180e-01],
         [ 2.6549e-01, -2.4444e-01,  1.1377e-01],
         [ 1.5926e-01, -1.4927e-01,  1.9292e-01]],

        [[ 1.7564e-01,  3.1435e-02,  1.8723e-01],
         [ 8.9503e-02, -8.5116e-02,  1.3106e-01],
         [-6.1975e-02,  1.6296e-04,  4.6312e-02],
         [ 4.8205e-01, -1.6158e-01,  4.6541e-02]],

        [[ 1.8935e-01,  2.3769e-01,  1.8385e-01],
         [ 1.4981e-01,  6.7179e-02,  1.9510e-01],
         [ 1.7918e-01, -2.2394e-01,  2.5613e-01],
         [ 3.2364e-01,  3.4818e-01,  4.4926e-02]],

        [[-1.0949e-01, -2.2212e-02, -1.0640e-01],
         [ 1.6706e-01,  1.9074e-01, -7.5575e-02],
         [-3.5633e-02,  1.3470e-01, -7.5052e-02],
         [ 5.0514e-02,  5.4534e-02,  6.3254e-02]]], requires_grad=True), tensor([[[-0.0224, -0.1853,  0.0584],
         [-0.0237,  0.2112,  0.0694],
         [-0.0893, -0.1222, -0.2773],
         [ 0.0942,  0.2542,  0.3201]],

        [[-0.1727, -0.0758, -0.1094],
         [ 0.0180, -0.0783,  0.0941],
         [ 0.1701,  0.0071,  0.0626],
         [-0.2964, -0.1007, -0.3385]],

        [[-0.1082, -0.0310, -0.1385],
         [ 0.1624, -0.0231,  0.1213],
         [-0.1619, -0.1825, -0.2320],
         [-0.0371,  0.0573, -0.2627]],

        [[ 0.1471,  0.0609,  0.2026],
         [ 0.1084,  0.2757,  0.2558],
         [ 0.2024, -0.1178,  0.1808],
         [ 0.1111, -0.0852,  0.1341]],

        [[ 0.3566,  0.2471, -0.0318],
         [-0.3806, -0.2560, -0.1393],
         [ 0.5069,  0.1483,  0.3297],
         [-0.2730, -0.2038, -0.2455]],

        [[ 0.0948, -0.0491,  0.0712],
         [ 0.0186,  0.0649,  0.0176],
         [ 0.0097,  0.0633, -0.0323],
         [ 0.0463, -0.1112, -0.1392]]], requires_grad=True)]
---------------------------all_bias-------------------------------
[tensor([0.1141], requires_grad=True), tensor([0.0858], requires_grad=True)]
---------------------------all_param-------------------------------
([tensor([[[ 1.1822e-01, -1.5566e-01,  8.6485e-02],
         [ 1.1630e-01,  1.2091e-01,  2.3758e-01],
         [ 5.4604e-03, -7.7820e-02,  5.7625e-02],
         [-2.1179e-01, -5.3575e-02, -5.8444e-02]],

        [[ 1.5215e-01, -2.0240e-01,  2.4312e-01],
         [ 1.8015e-01, -1.8863e-01,  2.5242e-02],
         [ 9.9115e-02,  1.5030e-01,  1.2796e-01],
         [ 2.5775e-02,  1.8392e-01,  3.1896e-01]],

        [[ 2.9712e-01,  7.8635e-04,  2.0533e-01],
         [-1.0402e-01,  2.8433e-01,  1.7180e-01],
         [ 2.6549e-01, -2.4444e-01,  1.1377e-01],
         [ 1.5926e-01, -1.4927e-01,  1.9292e-01]],

        [[ 1.7564e-01,  3.1435e-02,  1.8723e-01],
         [ 8.9503e-02, -8.5116e-02,  1.3106e-01],
         [-6.1975e-02,  1.6296e-04,  4.6312e-02],
         [ 4.8205e-01, -1.6158e-01,  4.6541e-02]],

        [[ 1.8935e-01,  2.3769e-01,  1.8385e-01],
         [ 1.4981e-01,  6.7179e-02,  1.9510e-01],
         [ 1.7918e-01, -2.2394e-01,  2.5613e-01],
         [ 3.2364e-01,  3.4818e-01,  4.4926e-02]],

        [[-1.0949e-01, -2.2212e-02, -1.0640e-01],
         [ 1.6706e-01,  1.9074e-01, -7.5575e-02],
         [-3.5633e-02,  1.3470e-01, -7.5052e-02],
         [ 5.0514e-02,  5.4534e-02,  6.3254e-02]]], requires_grad=True), tensor([[[-0.0224, -0.1853,  0.0584],
         [-0.0237,  0.2112,  0.0694],
         [-0.0893, -0.1222, -0.2773],
         [ 0.0942,  0.2542,  0.3201]],

        [[-0.1727, -0.0758, -0.1094],
         [ 0.0180, -0.0783,  0.0941],
         [ 0.1701,  0.0071,  0.0626],
         [-0.2964, -0.1007, -0.3385]],

        [[-0.1082, -0.0310, -0.1385],
         [ 0.1624, -0.0231,  0.1213],
         [-0.1619, -0.1825, -0.2320],
         [-0.0371,  0.0573, -0.2627]],

        [[ 0.1471,  0.0609,  0.2026],
         [ 0.1084,  0.2757,  0.2558],
         [ 0.2024, -0.1178,  0.1808],
         [ 0.1111, -0.0852,  0.1341]],

        [[ 0.3566,  0.2471, -0.0318],
         [-0.3806, -0.2560, -0.1393],
         [ 0.5069,  0.1483,  0.3297],
         [-0.2730, -0.2038, -0.2455]],

        [[ 0.0948, -0.0491,  0.0712],
         [ 0.0186,  0.0649,  0.0176],
         [ 0.0097,  0.0633, -0.0323],
         [ 0.0463, -0.1112, -0.1392]]], requires_grad=True)], [tensor([0.1141], requires_grad=True), tensor([0.0858], requires_grad=True)])
