--------------------------all_weights-----------------------------
[tensor([[[-0.0149, -0.1916,  0.1067],
         [ 0.0888,  0.0655,  0.2023],
         [ 0.0072, -0.0656,  0.0244],
         [-0.2529, -0.1662, -0.1150]],

        [[ 0.1574, -0.0932,  0.2397],
         [ 0.1857, -0.1912,  0.0259],
         [ 0.1380,  0.1128,  0.1908],
         [ 0.1148,  0.0901,  0.4224]],

        [[ 0.2752,  0.0208,  0.1924],
         [-0.0918,  0.3214,  0.2318],
         [ 0.1881, -0.1374, -0.0006],
         [ 0.2294, -0.0679,  0.2565]],

        [[ 0.1103, -0.0652,  0.1111],
         [ 0.1303,  0.0129,  0.1800],
         [-0.0788, -0.0267,  0.1023],
         [ 0.4341, -0.2198,  0.0414]],

        [[ 0.2061,  0.2035, -0.0756],
         [ 0.1109,  0.0695,  0.0419],
         [ 0.2771, -0.2320,  0.3591],
         [ 0.2354,  0.2200,  0.0319]],

        [[-0.1207, -0.0356, -0.1169],
         [ 0.2594,  0.0898, -0.0732],
         [-0.0434,  0.0984, -0.0731],
         [ 0.0365, -0.0456,  0.0650]]], requires_grad=True), tensor([[[-0.0968, -0.1738,  0.0143],
         [ 0.0302,  0.2252,  0.0616],
         [-0.1638, -0.1322, -0.3158],
         [-0.1199,  0.2865,  0.0682]],

        [[-0.1926, -0.1045, -0.1286],
         [-0.0448, -0.0635,  0.0412],
         [ 0.1514,  0.0436,  0.0431],
         [-0.3110, -0.0310, -0.3671]],

        [[-0.0800, -0.1068, -0.1347],
         [ 0.0620, -0.1169,  0.0322],
         [-0.1591, -0.2847, -0.1912],
         [ 0.0291,  0.0628, -0.1894]],

        [[ 0.1008,  0.1049,  0.1512],
         [ 0.0490,  0.3422,  0.2118],
         [ 0.2868, -0.2870,  0.2611],
         [ 0.0416, -0.1277,  0.0854]],

        [[ 0.3712,  0.2613, -0.0673],
         [-0.2896, -0.3094,  0.0679],
         [ 0.3603,  0.2351,  0.1896],
         [-0.1229, -0.2146,  0.1005]],

        [[ 0.0971, -0.0649,  0.0739],
         [ 0.1618,  0.0555,  0.0158],
         [-0.0164, -0.0217, -0.0330],
         [ 0.0683, -0.1453, -0.1410]]], requires_grad=True)]
---------------------------all_bias-------------------------------
[tensor([0.1142], requires_grad=True), tensor([0.0858], requires_grad=True)]
---------------------------all_param-------------------------------
([tensor([[[-0.0149, -0.1916,  0.1067],
         [ 0.0888,  0.0655,  0.2023],
         [ 0.0072, -0.0656,  0.0244],
         [-0.2529, -0.1662, -0.1150]],

        [[ 0.1574, -0.0932,  0.2397],
         [ 0.1857, -0.1912,  0.0259],
         [ 0.1380,  0.1128,  0.1908],
         [ 0.1148,  0.0901,  0.4224]],

        [[ 0.2752,  0.0208,  0.1924],
         [-0.0918,  0.3214,  0.2318],
         [ 0.1881, -0.1374, -0.0006],
         [ 0.2294, -0.0679,  0.2565]],

        [[ 0.1103, -0.0652,  0.1111],
         [ 0.1303,  0.0129,  0.1800],
         [-0.0788, -0.0267,  0.1023],
         [ 0.4341, -0.2198,  0.0414]],

        [[ 0.2061,  0.2035, -0.0756],
         [ 0.1109,  0.0695,  0.0419],
         [ 0.2771, -0.2320,  0.3591],
         [ 0.2354,  0.2200,  0.0319]],

        [[-0.1207, -0.0356, -0.1169],
         [ 0.2594,  0.0898, -0.0732],
         [-0.0434,  0.0984, -0.0731],
         [ 0.0365, -0.0456,  0.0650]]], requires_grad=True), tensor([[[-0.0968, -0.1738,  0.0143],
         [ 0.0302,  0.2252,  0.0616],
         [-0.1638, -0.1322, -0.3158],
         [-0.1199,  0.2865,  0.0682]],

        [[-0.1926, -0.1045, -0.1286],
         [-0.0448, -0.0635,  0.0412],
         [ 0.1514,  0.0436,  0.0431],
         [-0.3110, -0.0310, -0.3671]],

        [[-0.0800, -0.1068, -0.1347],
         [ 0.0620, -0.1169,  0.0322],
         [-0.1591, -0.2847, -0.1912],
         [ 0.0291,  0.0628, -0.1894]],

        [[ 0.1008,  0.1049,  0.1512],
         [ 0.0490,  0.3422,  0.2118],
         [ 0.2868, -0.2870,  0.2611],
         [ 0.0416, -0.1277,  0.0854]],

        [[ 0.3712,  0.2613, -0.0673],
         [-0.2896, -0.3094,  0.0679],
         [ 0.3603,  0.2351,  0.1896],
         [-0.1229, -0.2146,  0.1005]],

        [[ 0.0971, -0.0649,  0.0739],
         [ 0.1618,  0.0555,  0.0158],
         [-0.0164, -0.0217, -0.0330],
         [ 0.0683, -0.1453, -0.1410]]], requires_grad=True)], [tensor([0.1142], requires_grad=True), tensor([0.0858], requires_grad=True)])
