--------------------------all_weights-----------------------------
[tensor([[[-0.1429, -0.2312,  0.1049],
         [ 0.1118,  0.0290,  0.2163],
         [-0.1676,  0.2985, -0.1778],
         [-0.2723, -0.2483, -0.2434]],

        [[ 0.0690, -0.1717,  0.1972],
         [ 0.1888, -0.0766, -0.0397],
         [ 0.1144,  0.2603,  0.2355],
         [ 0.1253,  0.1907,  0.3082]],

        [[ 0.4376,  0.0804,  0.3192],
         [-0.3990,  0.4517,  0.3158],
         [ 0.2472, -0.2658,  0.0446],
         [ 0.0930, -0.1316,  0.0800]],

        [[ 0.1819, -0.4203,  0.0511],
         [ 0.1679, -0.1764,  0.2343],
         [ 0.1007,  0.2049,  0.1845],
         [ 0.2680, -0.5010,  0.0103]],

        [[ 0.3467,  0.2208,  0.2486],
         [ 0.1075,  0.1282,  0.4709],
         [ 0.3614, -0.0902,  0.4879],
         [ 0.2353,  0.2381, -0.1283]],

        [[-0.1036,  0.0293, -0.1009],
         [ 0.3050,  0.4240, -0.0730],
         [ 0.3584,  0.4920, -0.0692],
         [ 0.1373,  0.1895,  0.0590]]], requires_grad=True), tensor([[[ 0.1301, -0.1454,  0.1798],
         [-0.0614,  0.2195, -0.0217],
         [-0.3468, -0.0461, -0.4531],
         [-0.0467,  0.4129,  0.1155]],

        [[-0.3284, -0.0781, -0.2783],
         [-0.1166,  0.0399, -0.1015],
         [ 0.1115,  0.0293, -0.0191],
         [-0.3716, -0.1969, -0.3949]],

        [[-0.0316, -0.2256, -0.1089],
         [ 0.0304, -0.1285,  0.0172],
         [ 0.0967, -0.3167, -0.0797],
         [-0.0678, -0.0112, -0.2909]],

        [[ 0.1924,  0.1375,  0.2721],
         [-0.0284,  0.2630,  0.2294],
         [ 0.1664, -0.3880,  0.3351],
         [ 0.1461, -0.1560,  0.1646]],

        [[ 0.4816,  0.3363, -0.2501],
         [-0.2165, -0.4325, -0.0242],
         [ 0.4483,  0.1039,  0.3862],
         [-0.3058, -0.2670, -0.5360]],

        [[ 0.0979, -0.0495,  0.0782],
         [ 0.0132,  0.1969,  0.0255],
         [-0.0711, -0.0370, -0.0356],
         [ 0.1478, -0.4088, -0.1385]]], requires_grad=True)]
---------------------------all_bias-------------------------------
[tensor([0.1649], requires_grad=True), tensor([0.0351], requires_grad=True)]
---------------------------all_param-------------------------------
([tensor([[[-0.1429, -0.2312,  0.1049],
         [ 0.1118,  0.0290,  0.2163],
         [-0.1676,  0.2985, -0.1778],
         [-0.2723, -0.2483, -0.2434]],

        [[ 0.0690, -0.1717,  0.1972],
         [ 0.1888, -0.0766, -0.0397],
         [ 0.1144,  0.2603,  0.2355],
         [ 0.1253,  0.1907,  0.3082]],

        [[ 0.4376,  0.0804,  0.3192],
         [-0.3990,  0.4517,  0.3158],
         [ 0.2472, -0.2658,  0.0446],
         [ 0.0930, -0.1316,  0.0800]],

        [[ 0.1819, -0.4203,  0.0511],
         [ 0.1679, -0.1764,  0.2343],
         [ 0.1007,  0.2049,  0.1845],
         [ 0.2680, -0.5010,  0.0103]],

        [[ 0.3467,  0.2208,  0.2486],
         [ 0.1075,  0.1282,  0.4709],
         [ 0.3614, -0.0902,  0.4879],
         [ 0.2353,  0.2381, -0.1283]],

        [[-0.1036,  0.0293, -0.1009],
         [ 0.3050,  0.4240, -0.0730],
         [ 0.3584,  0.4920, -0.0692],
         [ 0.1373,  0.1895,  0.0590]]], requires_grad=True), tensor([[[ 0.1301, -0.1454,  0.1798],
         [-0.0614,  0.2195, -0.0217],
         [-0.3468, -0.0461, -0.4531],
         [-0.0467,  0.4129,  0.1155]],

        [[-0.3284, -0.0781, -0.2783],
         [-0.1166,  0.0399, -0.1015],
         [ 0.1115,  0.0293, -0.0191],
         [-0.3716, -0.1969, -0.3949]],

        [[-0.0316, -0.2256, -0.1089],
         [ 0.0304, -0.1285,  0.0172],
         [ 0.0967, -0.3167, -0.0797],
         [-0.0678, -0.0112, -0.2909]],

        [[ 0.1924,  0.1375,  0.2721],
         [-0.0284,  0.2630,  0.2294],
         [ 0.1664, -0.3880,  0.3351],
         [ 0.1461, -0.1560,  0.1646]],

        [[ 0.4816,  0.3363, -0.2501],
         [-0.2165, -0.4325, -0.0242],
         [ 0.4483,  0.1039,  0.3862],
         [-0.3058, -0.2670, -0.5360]],

        [[ 0.0979, -0.0495,  0.0782],
         [ 0.0132,  0.1969,  0.0255],
         [-0.0711, -0.0370, -0.0356],
         [ 0.1478, -0.4088, -0.1385]]], requires_grad=True)], [tensor([0.1649], requires_grad=True), tensor([0.0351], requires_grad=True)])
