--------------------------all_weights-----------------------------
[tensor([[[-0.1132, -0.1310, -0.0265],
         [-0.0388,  0.0339,  0.0741],
         [-0.0308, -0.1455,  0.0327],
         [-0.1227,  0.0135,  0.0344]],

        [[ 0.0139,  0.0338,  0.1140],
         [-0.0191, -0.1344, -0.1642],
         [ 0.0574,  0.1110,  0.0610],
         [-0.1533, -0.0122,  0.1875]],

        [[ 0.0795, -0.0386, -0.0130],
         [ 0.0182,  0.1958,  0.1603],
         [ 0.0990, -0.0848, -0.0574],
         [ 0.0054, -0.0531,  0.0270]],

        [[ 0.0454,  0.0088,  0.0655],
         [ 0.0468, -0.0184,  0.0819],
         [-0.0281, -0.0071,  0.0532],
         [ 0.2314, -0.1438, -0.1592]],

        [[-0.0640,  0.0436,  0.1060],
         [ 0.0190,  0.0404, -0.0378],
         [ 0.0545, -0.0468,  0.1510],
         [ 0.2085,  0.1741,  0.2384]],

        [[-0.1125, -0.0317, -0.1092],
         [-0.0078,  0.0783, -0.0761],
         [-0.1598,  0.0293, -0.0750],
         [ 0.0188,  0.0245,  0.0638]]], requires_grad=True), tensor([[[-0.0012, -0.0823,  0.1158],
         [ 0.0416,  0.2510,  0.0812],
         [-0.0078, -0.1060, -0.1588],
         [-0.0364,  0.1151,  0.1663]],

        [[-0.0416, -0.0985,  0.0053],
         [ 0.0449,  0.0035,  0.1120],
         [ 0.0342,  0.0316, -0.0744],
         [-0.1352, -0.0753, -0.1373]],

        [[ 0.0175, -0.0527, -0.0458],
         [ 0.0256, -0.0022, -0.0162],
         [-0.0392, -0.1288, -0.0724],
         [ 0.0973, -0.0540, -0.1339]],

        [[ 0.0120, -0.0672,  0.0634],
         [-0.0642,  0.1809,  0.0733],
         [ 0.0506, -0.1030,  0.0209],
         [ 0.0121, -0.0748,  0.0256]],

        [[ 0.1166,  0.0818,  0.0731],
         [-0.1900, -0.0831,  0.1341],
         [ 0.2680,  0.1067,  0.0988],
         [-0.0997, -0.0769, -0.0114]],

        [[ 0.0998, -0.0499,  0.0761],
         [ 0.0614,  0.0423,  0.0213],
         [-0.0123,  0.0386, -0.0314],
         [-0.1077,  0.0016, -0.1396]]], requires_grad=True)]
---------------------------all_bias-------------------------------
[tensor([0.1334], requires_grad=True), tensor([0.0666], requires_grad=True)]
---------------------------all_param-------------------------------
([tensor([[[-0.1132, -0.1310, -0.0265],
         [-0.0388,  0.0339,  0.0741],
         [-0.0308, -0.1455,  0.0327],
         [-0.1227,  0.0135,  0.0344]],

        [[ 0.0139,  0.0338,  0.1140],
         [-0.0191, -0.1344, -0.1642],
         [ 0.0574,  0.1110,  0.0610],
         [-0.1533, -0.0122,  0.1875]],

        [[ 0.0795, -0.0386, -0.0130],
         [ 0.0182,  0.1958,  0.1603],
         [ 0.0990, -0.0848, -0.0574],
         [ 0.0054, -0.0531,  0.0270]],

        [[ 0.0454,  0.0088,  0.0655],
         [ 0.0468, -0.0184,  0.0819],
         [-0.0281, -0.0071,  0.0532],
         [ 0.2314, -0.1438, -0.1592]],

        [[-0.0640,  0.0436,  0.1060],
         [ 0.0190,  0.0404, -0.0378],
         [ 0.0545, -0.0468,  0.1510],
         [ 0.2085,  0.1741,  0.2384]],

        [[-0.1125, -0.0317, -0.1092],
         [-0.0078,  0.0783, -0.0761],
         [-0.1598,  0.0293, -0.0750],
         [ 0.0188,  0.0245,  0.0638]]], requires_grad=True), tensor([[[-0.0012, -0.0823,  0.1158],
         [ 0.0416,  0.2510,  0.0812],
         [-0.0078, -0.1060, -0.1588],
         [-0.0364,  0.1151,  0.1663]],

        [[-0.0416, -0.0985,  0.0053],
         [ 0.0449,  0.0035,  0.1120],
         [ 0.0342,  0.0316, -0.0744],
         [-0.1352, -0.0753, -0.1373]],

        [[ 0.0175, -0.0527, -0.0458],
         [ 0.0256, -0.0022, -0.0162],
         [-0.0392, -0.1288, -0.0724],
         [ 0.0973, -0.0540, -0.1339]],

        [[ 0.0120, -0.0672,  0.0634],
         [-0.0642,  0.1809,  0.0733],
         [ 0.0506, -0.1030,  0.0209],
         [ 0.0121, -0.0748,  0.0256]],

        [[ 0.1166,  0.0818,  0.0731],
         [-0.1900, -0.0831,  0.1341],
         [ 0.2680,  0.1067,  0.0988],
         [-0.0997, -0.0769, -0.0114]],

        [[ 0.0998, -0.0499,  0.0761],
         [ 0.0614,  0.0423,  0.0213],
         [-0.0123,  0.0386, -0.0314],
         [-0.1077,  0.0016, -0.1396]]], requires_grad=True)], [tensor([0.1334], requires_grad=True), tensor([0.0666], requires_grad=True)])
