--------------------------all_weights-----------------------------
[tensor([[[-0.1141, -0.1114, -0.0264],
         [-0.0244,  0.1070,  0.0890],
         [ 0.0166, -0.0706,  0.0784],
         [-0.0798, -0.1280,  0.0743]],

        [[ 0.0255, -0.1264,  0.1252],
         [-0.0012, -0.1397, -0.1499],
         [ 0.0976,  0.2339,  0.1070],
         [-0.1395,  0.0211,  0.2015]],

        [[ 0.1328, -0.0254,  0.0400],
         [ 0.0071,  0.2451,  0.1630],
         [ 0.1472, -0.0689, -0.0106],
         [ 0.0519, -0.0416,  0.0719]],

        [[ 0.0491, -0.0025,  0.0692],
         [ 0.0907, -0.0250,  0.1262],
         [-0.0204, -0.0098,  0.0609],
         [ 0.2569, -0.1335, -0.1376]],

        [[-0.0492,  0.1734,  0.1063],
         [ 0.0679,  0.1308,  0.0066],
         [ 0.0856, -0.1148,  0.1813],
         [ 0.2035,  0.2447,  0.2366]],

        [[-0.1126, -0.0317, -0.1092],
         [ 0.0280,  0.3021, -0.0761],
         [-0.1586,  0.0468, -0.0750],
         [ 0.0189, -0.0008,  0.0638]]], requires_grad=True), tensor([[[-1.6116e-03, -1.7249e-01,  1.1846e-01],
         [ 8.2661e-02,  2.0795e-01,  1.2247e-01],
         [-5.5812e-02, -5.4852e-02, -2.0359e-01],
         [-3.2269e-02,  1.6050e-01,  1.6909e-01]],

        [[-1.0731e-01, -1.6196e-01, -5.6822e-02],
         [ 7.9428e-02,  3.7691e-02,  1.4599e-01],
         [ 1.0980e-01,  2.6668e-02, -2.1493e-05],
         [-1.9630e-01, -2.7004e-02, -1.9798e-01]],

        [[-4.9943e-02, -8.1937e-02, -1.1302e-01],
         [ 3.6253e-02, -6.0905e-02, -1.5360e-03],
         [-1.0577e-01, -1.6205e-01, -1.3633e-01],
         [ 5.3985e-02, -6.1286e-02, -1.7546e-01]],

        [[ 5.3844e-02, -5.4743e-02,  1.0820e-01],
         [ 7.9536e-03,  2.3046e-01,  1.4268e-01],
         [ 6.3300e-02, -1.3610e-01,  3.9693e-02],
         [ 1.5913e-02, -1.8708e-02,  3.1698e-02]],

        [[ 1.7723e-01,  2.7674e-01,  6.9491e-02],
         [-2.3539e-01, -1.6411e-01,  1.1257e-01],
         [ 2.8179e-01,  1.1489e-01,  1.1273e-01],
         [-9.6421e-02, -2.7369e-01, -1.1875e-02]],

        [[ 9.9846e-02, -4.9871e-02,  7.6111e-02],
         [ 6.7391e-02,  1.7127e-01,  2.1333e-02],
         [-6.9184e-03,  8.5809e-02, -3.1404e-02],
         [-1.0761e-01, -8.5748e-02, -1.3962e-01]]], requires_grad=True)]
---------------------------all_bias-------------------------------
[tensor([0.1949], requires_grad=True), tensor([0.0051], requires_grad=True)]
---------------------------all_param-------------------------------
([tensor([[[-0.1141, -0.1114, -0.0264],
         [-0.0244,  0.1070,  0.0890],
         [ 0.0166, -0.0706,  0.0784],
         [-0.0798, -0.1280,  0.0743]],

        [[ 0.0255, -0.1264,  0.1252],
         [-0.0012, -0.1397, -0.1499],
         [ 0.0976,  0.2339,  0.1070],
         [-0.1395,  0.0211,  0.2015]],

        [[ 0.1328, -0.0254,  0.0400],
         [ 0.0071,  0.2451,  0.1630],
         [ 0.1472, -0.0689, -0.0106],
         [ 0.0519, -0.0416,  0.0719]],

        [[ 0.0491, -0.0025,  0.0692],
         [ 0.0907, -0.0250,  0.1262],
         [-0.0204, -0.0098,  0.0609],
         [ 0.2569, -0.1335, -0.1376]],

        [[-0.0492,  0.1734,  0.1063],
         [ 0.0679,  0.1308,  0.0066],
         [ 0.0856, -0.1148,  0.1813],
         [ 0.2035,  0.2447,  0.2366]],

        [[-0.1126, -0.0317, -0.1092],
         [ 0.0280,  0.3021, -0.0761],
         [-0.1586,  0.0468, -0.0750],
         [ 0.0189, -0.0008,  0.0638]]], requires_grad=True), tensor([[[-1.6116e-03, -1.7249e-01,  1.1846e-01],
         [ 8.2661e-02,  2.0795e-01,  1.2247e-01],
         [-5.5812e-02, -5.4852e-02, -2.0359e-01],
         [-3.2269e-02,  1.6050e-01,  1.6909e-01]],

        [[-1.0731e-01, -1.6196e-01, -5.6822e-02],
         [ 7.9428e-02,  3.7691e-02,  1.4599e-01],
         [ 1.0980e-01,  2.6668e-02, -2.1493e-05],
         [-1.9630e-01, -2.7004e-02, -1.9798e-01]],

        [[-4.9943e-02, -8.1937e-02, -1.1302e-01],
         [ 3.6253e-02, -6.0905e-02, -1.5360e-03],
         [-1.0577e-01, -1.6205e-01, -1.3633e-01],
         [ 5.3985e-02, -6.1286e-02, -1.7546e-01]],

        [[ 5.3844e-02, -5.4743e-02,  1.0820e-01],
         [ 7.9536e-03,  2.3046e-01,  1.4268e-01],
         [ 6.3300e-02, -1.3610e-01,  3.9693e-02],
         [ 1.5913e-02, -1.8708e-02,  3.1698e-02]],

        [[ 1.7723e-01,  2.7674e-01,  6.9491e-02],
         [-2.3539e-01, -1.6411e-01,  1.1257e-01],
         [ 2.8179e-01,  1.1489e-01,  1.1273e-01],
         [-9.6421e-02, -2.7369e-01, -1.1875e-02]],

        [[ 9.9846e-02, -4.9871e-02,  7.6111e-02],
         [ 6.7391e-02,  1.7127e-01,  2.1333e-02],
         [-6.9184e-03,  8.5809e-02, -3.1404e-02],
         [-1.0761e-01, -8.5748e-02, -1.3962e-01]]], requires_grad=True)], [tensor([0.1949], requires_grad=True), tensor([0.0051], requires_grad=True)])
